3.6: 
[[-4, -4, -4, 	-2, -2, -2, 	2, 2, 2, 		4, 4, 4]]

1.2: 
[-4, -4, -4, 	-2, -2, 4, 		-2, 4, 4, 		2, 2, 2], 
[-4, -4, 2, 	-4, 2, 2, 		-2, -2, -2, 	4, 4, 4], 

-1.2: 
[[-4, -4, -4, 	-2, -2, -2, 	2, 2, 4, 		2, 4, 4], 
[-4, -4, -4, 	-2, -2, 2, 		-2, 2, 2, 		4, 4, 4], 
[-4, -4, -2, 	-4, -2, -2, 	2, 2, 2, 		4, 4, 4], 
[-4, -4, 4, 	-4, 4, 4, 		-2, -2, -2, 	2, 2, 2], 


0.4: 
[-4, -4, -4, -2, -2, 2, -2, 2, 4, 2, 4, 4], 
[-4, -4, -4, -2, -2, 4, -2, 2, 2, 2, 4, 4], 
[-4, -4, -2, -4, -2, -2, 2, 2, 4, 2, 4, 4], 
[-4, -4, -2, -4, -2, 2, -2, 2, 2, 4, 4, 4], 
[-4, -4, -2, -4, 4, 4, -2, -2, 4, 2, 2, 2], 
[-4, -4, 2, -4, -2, -2, -2, 2, 2, 4, 4, 4], 
[-4, -4, 2, -4, 4, 4, -2, -2, -2, 2, 2, 4], 
[-4, -4, 4, -4, -2, 4, -2, -2, 4, 2, 2, 2], 
[-4, -4, 4, -4, 2, 4, -2, -2, -2, 2, 2, 4], 
[-4, -4, 4, -4, 4, 4, -2, -2, 2, -2, 2, 2], 
[-4, -2, -2, -4, -2, 4, -4, 4, 4, 2, 2, 2], 

-0.4: 
[-4, -4, -4, -2, -2, 2, -2, 4, 4, 2, 2, 4], 
[-4, -4, -4, -2, -2, 4, -2, 2, 4, 2, 2, 4], 
[-4, -4, -4, -2, 2, 2, -2, 2, 4, -2, 4, 4], 
[-4, -4, -2, -4, -2, 4, -2, 4, 4, 2, 2, 2], 
[-4, -4, -2, -4, 2, 2, -2, -2, 2, 4, 4, 4], 
[-4, -4, 2, -4, -2, 2, -2, -2, 2, 4, 4, 4], 
[-4, -4, 2, -4, 2, 2, -2, -2, 4, -2, 4, 4], 
[-4, -4, 2, -4, 2, 4, -2, -2, -2, 2, 4, 4], 
[-4, -4, 4, -4, -2, -2, -2, 4, 4, 2, 2, 2], 
[-4, -4, 4, -4, 2, 2, -2, -2, -2, 2, 4, 4], 
[-4, -2, -2, -4, -2, 2, -4, 2, 2, 4, 4, 4], 
[-4, 2, 2, -4, 2, 4, -4, 4, 4, -2, -2, -2], 

0.13333: 
[-4, -4, -2, -4, -2, 2, -2, 4, 4, 2, 2, 4], 
[-4, -4, -2, -4, -2, 4, -2, 2, 4, 2, 2, 4], 
[-4, -4, -2, -4, 2, 2, -2, -2, 4, 2, 4, 4], 
[-4, -4, -2, -4, 2, 2, -2, 2, 4, -2, 4, 4], 
[-4, -4, -2, -4, 2, 4, -2, -2, 2, 2, 4, 4], 
[-4, -4, -2, -4, 4, 4, -2, 2, 2, -2, 2, 4], 
[-4, -4, 2, -4, -2, -2, -2, 4, 4, 2, 2, 4], 
[-4, -4, 2, -4, -2, 2, -2, -2, 4, 2, 4, 4], 
[-4, -4, 2, -4, -2, 2, -2, 2, 4, -2, 4, 4], 
[-4, -4, 2, -4, -2, 4, -2, -2, 2, 2, 4, 4], 
[-4, -4, 2, -4, 2, 4, -2, -2, 2, -2, 4, 4], 
[-4, -4, 2, -4, 2, 4, -2, -2, 4, -2, 2, 4], 
[-4, -4, 4, -4, -2, -2, -2, 2, 4, 2, 2, 4], 
[-4, -4, 4, -4, -2, 2, -2, -2, 2, 2, 4, 4], 
[-4, -4, 4, -4, -2, 4, -2, 2, 2, -2, 2, 4], 
[-4, -4, 4, -4, 2, 2, -2, -2, 2, -2, 4, 4], 
[-4, -4, 4, -4, 2, 2, -2, -2, 4, -2, 2, 4], 
[-4, -2, -2, -4, -2, 2, -4, 2, 4, 2, 4, 4], 
[-4, -2, -2, -4, -2, 4, -4, 2, 2, 2, 4, 4], 
[-4, -2, -2, -4, 2, 2, -4, 4, 4, -2, 2, 4], 
[-4, -2, 2, -4, 2, 4, -4, 4, 4, -2, -2, 2], 
[-4, -2, 4, -4, 2, 2, -4, 2, 4, -2, -2, 4], 

-0.13333: 
[-4, -4, -2, -4, -2, 2, -2, 2, 4, 2, 4, 4], 
[-4, -4, -2, -4, -2, 4, -2, 2, 2, 2, 4, 4], 
[-4, -4, -2, -4, 2, 4, -2, -2, 4, 2, 2, 4], 
[-4, -4, -2, -4, 2, 4, -2, 2, 2, -2, 4, 4], 
[-4, -4, -2, -4, 4, 4, -2, -2, 2, 2, 2, 4], 
[-4, -4, 2, -4, -2, -2, -2, 2, 4, 2, 4, 4], 
[-4, -4, 2, -4, -2, 4, -2, -2, 4, 2, 2, 4], 
[-4, -4, 2, -4, -2, 4, -2, 2, 2, -2, 4, 4], 
[-4, -4, 2, -4, 4, 4, -2, -2, 2, -2, 2, 4], 
[-4, -4, 2, -4, 4, 4, -2, -2, 4, -2, 2, 2], 
[-4, -4, 4, -4, -2, -2, -2, 2, 2, 2, 4, 4], 
[-4, -4, 4, -4, -2, 2, -2, -2, 4, 2, 2, 4], 
[-4, -4, 4, -4, -2, 2, -2, 2, 2, -2, 4, 4], 
[-4, -4, 4, -4, -2, 4, -2, -2, 2, 2, 2, 4], 
[-4, -4, 4, -4, 2, 4, -2, -2, 2, -2, 2, 4], 
[-4, -4, 4, -4, 2, 4, -2, -2, 4, -2, 2, 2], 
[-4, -2, -2, -4, -2, 2, -4, 4, 4, 2, 2, 4], 
[-4, -2, -2, -4, -2, 4, -4, 2, 4, 2, 2, 4], 
[-4, -2, -2, -4, 2, 2, -4, 2, 4, -2, 4, 4], 
[-4, -2, -2, -4, 2, 4, -4, 4, 4, -2, 2, 2], 
[-4, -2, 2, -4, -2, 4, -4, 2, 2, -2, 4, 4], 
[-4, -2, 2, -4, -2, 4, -4, 4, 4, -2, 2, 2], 
[-4, -2, 2, -4, 2, 2, -4, 4, 4, -2, -2, 4], 
[-4, -2, 4, -4, 2, 2, -4, 4, 4, -2, -2, 2], 

0.06667: 
[-4, -2, 2, -4, -2, 4, -4, 2, 4, -2, 2, 4],  














-0.1: 

-0.06667: 

-0.03333: 

0.03333: 

0.1:

0.16667: 

0.2: 

0.26667: 

0.33333: 

0.53333: 

0.66667: 

1.0: 

-0.66667: 

-0.53333: 

-0.33333: 

-0.26667: 

-0.2: 

-0.16667: 