-1.2: 
[[-4, -4, -4, -2, -2, -2, 2, 2, 4, 2, 4, 4], [-4, -4, -4, -2, -2, 1, -1, 2, 2, 4, 4, 4], [-4, -4, -4, -2, -2, 2, -2, 2, 2, 4, 4, 4], [-4, -4, -4, -2, -2, 2, -1, 1, 2, 4, 4, 4], [-4, -4, -4, -2, -1, 1, -2, 2, 2, 4, 4, 4], [-4, -4, -4, -2, -1, 1, -1, 1, 2, 4, 4, 4], [-4, -4, -2, -4, -2, -2, 2, 2, 2, 4, 4, 4], [-4, -4, -1, -2, -2, -2, 1, 4, 4, 2, 2, 2], [-4, -4, 4, -4, 4, 4, -2, -2, -2, 2, 2, 2], [-4, -1, 1, -4, 4, 4, -2, -2, -2, 2, 2, 2]], 

-0.66667: 
[[-4, -4, -1, -2, -1, 1, -1, 1, 2, 1, 4, 4], [-4, -1, 1, -2, -2, 1, -1, 1, 4, -1, 2, 2]], 

-0.53333: 
[[-4, -4, -1, -2, -2, 1, -1, 2, 2, 1, 4, 4], [-4, -4, -1, -2, -2, 2, -1, 1, 2, 1, 4, 4], [-4, -4, -1, -2, -1, 1, -2, 2, 2, 1, 4, 4], [-4, -4, 1, -2, -2, -1, -1, 4, 4, 1, 2, 2], [-4, -4, 4, -2, -2, 1, -1, 1, 4, -1, 2, 2], [-4, -1, 1, -4, 4, 4, -2, -2, -1, 1, 2, 2]], 

-0.4: 
[[-4, -4, -4, -2, -2, -1, 1, 2, 4, 2, 4, 4], [-4, -4, -4, -2, -2, 1, -1, 4, 4, 2, 2, 4], [-4, -4, -4, -2, -2, 2, -2, 4, 4, 2, 2, 4], [-4, -4, -4, -2, -2, 2, -1, 4, 4, 1, 2, 4], [-4, -4, -4, -2, -2, 4, -2, 2, 4, 2, 2, 4], [-4, -4, -4, -2, -2, 4, -1, 1, 4, 2, 2, 4], [-4, -4, -4, -2, -2, 4, -1, 2, 2, 1, 4, 4], [-4, -4, -4, -2, -1, 1, -2, 4, 4, 2, 2, 4], [-4, -4, -4, -2, -1, 1, -1, 4, 4, 1, 2, 4], [-4, -4, -4, -2, 1, 4, -2, 2, 2, -1, 4, 4], [-4, -4, -4, -2, 1, 4, -2, 4, 4, -1, 2, 2], [-4, -4, -4, -2, 1, 4, -1, 1, 2, -1, 4, 4], [-4, -4, -4, -2, 2, 2, -2, 2, 4, -2, 4, 4], [-4, -4, -4, -2, 2, 4, -2, 4, 4, -1, 1, 2], [-4, -4, -4, -2, 4, 4, -1, 1, 2, -1, 1, 4], [-4, -4, -2, -4, -2, -1, 1, 2, 2, 4, 4, 4], [-4, -4, -2, -4, -2, 4, -2, 4, 4, 2, 2, 2], [-4, -4, -2, -4, 2, 2, -2, -2, 2, 4, 4, 4], [-4, -4, -2, -4, 2, 2, -2, -1, 1, 4, 4, 4], [-4, -4, -2, -2, -2, 1, -1, 4, 4, 2, 2, 2], [-4, -4, -2, -2, -2, 4, -1, 1, 4, 2, 2, 2], [-4, -4, -2, -2, -1, 1, -2, 4, 4, 2, 2, 2], [-4, -4, -1, -4, -2, -2, 1, 2, 2, 4, 4, 4], [-4, -4, -1, -4, 1, 2, -2, -2, 2, 4, 4, 4], [-4, -4, -1, -4, 1, 2, -2, -1, 1, 4, 4, 4], [-4, -4, -1, -2, -2, -2, 1, 2, 2, 2, 4, 4], [-4, -4, -1, -2, -2, 2, -2, 2, 2, 1, 4, 4], [-4, -4, 1, -4, -2, -1, -2, 2, 2, 4, 4, 4], [-4, -4, 1, -4, -2, -1, -1, 1, 2, 4, 4, 4], [-4, -4, 1, -4, 2, 2, -2, -2, -1, 4, 4, 4], [-4, -4, 1, -2, -2, -2, -1, 2, 4, 2, 2, 4], [-4, -4, 1, -2, -2, -1, -2, 4, 4, 2, 2, 2], [-4, -4, 1, -2, -2, 4, -2, -1, 4, 2, 2, 2], [-4, -4, 2, -4, -2, 2, -2, -2, 2, 4, 4, 4], [-4, -4, 2, -4, -2, 2, -2, -1, 1, 4, 4, 4], [-4, -4, 2, -4, -1, 1, -2, -2, 2, 4, 4, 4], [-4, -4, 2, -4, -1, 1, -2, -1, 1, 4, 4, 4], [-4, -4, 2, -4, 1, 2, -2, -2, -1, 4, 4, 4], [-4, -4, 2, -4, 2, 2, -2, -2, 4, -2, 4, 4], [-4, -4, 2, -4, 2, 4, -2, -2, -2, 2, 4, 4], [-4, -4, 2, -2, -2, -2, -1, 1, 4, 2, 2, 4], [-4, -4, 2, -2, -2, -2, -1, 2, 2, 1, 4, 4], [-4, -4, 4, -4, -2, -2, -2, 4, 4, 2, 2, 2], [-4, -4, 4, -4, 2, 2, -2, -2, -2, 2, 4, 4], [-4, -4, 4, -4, 4, 4, -2, -2, -1, 1, 2, 2], [-4, -4, 4, -2, -2, -2, -1, 1, 2, 2, 2, 4], [-4, -4, 4, -2, -2, -2, -1, 2, 4, 1, 2, 2], [-4, -4, 4, -2, -2, -1, -2, 1, 4, 2, 2, 2], [-4, -4, 4, -2, -2, 4, -2, -1, 1, 2, 2, 2], [-4, -2, -2, -4, -2, -1, 1, 4, 4, 2, 2, 2], [-4, -2, -2, -4, -2, 2, -4, 2, 2, 4, 4, 4], [-4, -2, -2, -4, -1, 1, -4, 2, 2, 4, 4, 4], [-4, -2, -2, -4, 4, 4, -2, -1, 1, 2, 2, 2], [-4, -2, -1, -2, -2, 1, -1, 1, 4, 2, 2, 2], [-4, -2, 1, -4, 4, 4, -2, -2, -1, 2, 2, 2], [-4, -2, 4, -4, -1, 1, -2, -2, 4, 2, 2, 2], [-4, -1, 1, -4, 2, 2, -2, -2, -2, 2, 4, 4], [-4, -1, 1, -2, -2, -2, -1, 1, 2, 2, 2, 4], [-4, -1, 1, -2, -2, -2, -1, 2, 4, 1, 2, 2], [-4, -1, 1, -2, -2, -1, -2, 1, 4, 2, 2, 2], [-4, -1, 1, -2, -2, 4, -2, -1, 1, 2, 2, 2], [-4, -1, 2, -2, -2, -2, -1, 1, 4, 1, 2, 2], [-4, 1, 2, -4, 2, 2, -2, -2, -2, -1, 4, 4], [-4, 1, 2, -4, 4, 4, -2, -2, -2, -1, 2, 2], [-4, 2, 2, -4, 2, 4, -4, 4, 4, -2, -2, -2], [-4, 2, 2, -4, 4, 4, -2, -2, -2, -1, 1, 2], [-4, 2, 2, -2, -2, -2, -1, 1, 2, -1, 1, 4]], 

-0.33333: 
[[-4, -4, -1, -2, 1, 4, -1, 1, 2, -1, 1, 4], [-4, -4, 1, -2, -1, 1, -1, 1, 4, -1, 2, 4], [-4, -2, 1, -4, -1, 1, -1, 1, 2, -1, 4, 4], [-4, -2, 1, -2, -1, 1, -1, 1, 4, -1, 2, 2], [-4, -2, 4, -4, -1, 1, -1, 1, 2, -1, 1, 4], [-4, -1, 1, -4, 1, 2, -2, -1, 1, -1, 4, 4], [-4, -1, 1, -4, 2, 4, -2, -1, 1, -1, 1, 4], [-4, -1, 1, -2, -2, -1, -1, 1, 2, 1, 2, 4], [-4, -1, 1, -2, -1, 1, -2, 1, 4, -1, 2, 2], [-4, -1, 1, -2, -1, 1, -2, 2, 4, -1, 1, 2], [-4, -1, 2, -2, -2, 1, -1, 1, 2, -1, 1, 4]], 

-0.26667: 
[[-4, -4, -2, -2, -1, 1, -1, 1, 2, 2, 4, 4], [-4, -4, -2, -2, -1, 1, -1, 4, 4, 1, 2, 2], [-4, -4, -1, -2, -2, -1, 1, 2, 4, 1, 2, 4], [-4, -4, -1, -2, -2, 1, -1, 1, 4, 2, 2, 4], [-4, -4, -1, -2, -2, 4, -1, 1, 4, 1, 2, 2], [-4, -4, -1, -2, -1, 1, -2, 4, 4, 1, 2, 2], [-4, -4, -1, -2, 1, 4, -2, 2, 2, -1, 1, 4], [-4, -4, 1, -2, -2, -1, -1, 1, 2, 2, 4, 4], [-4, -4, 1, -2, -2, 1, -1, 2, 4, -1, 2, 4], [-4, -4, 1, -2, -2, 2, -1, 1, 4, -1, 2, 4], [-4, -4, 2, -2, -2, 1, -1, 1, 2, -1, 4, 4], [-4, -4, 2, -2, -2, 4, -1, 1, 2, -1, 1, 4], [-4, -4, 4, -2, -2, -1, -1, 1, 2, 1, 2, 4], [-4, -4, 4, -2, -1, 1, -2, 1, 4, -1, 2, 2], [-4, -4, 4, -2, -1, 1, -2, 2, 4, -1, 1, 2], [-4, -2, -2, -4, -1, 1, -1, 1, 4, 2, 2, 4], [-4, -2, -2, -4, -1, 1, -1, 2, 2, 1, 4, 4], [-4, -2, -1, -4, -2, -1, 1, 2, 2, 1, 4, 4], [-4, -2, -1, -4, 4, 4, -2, -1, 1, 1, 2, 2], [-4, -2, 1, -4, -2, 1, -1, 2, 2, -1, 4, 4], [-4, -2, 1, -4, -1, 1, -2, 2, 2, -1, 4, 4], [-4, -2, 4, -4, -1, 1, -2, 2, 2, -1, 1, 4], [-4, -1, 1, -4, 1, 2, -2, -2, 2, -1, 4, 4], [-4, -1, 1, -4, 2, 2, -2, -2, -1, 1, 4, 4], [-4, -1, 1, -4, 2, 4, -2, -2, 2, -1, 1, 4], [-4, -1, 2, -4, 4, 4, -2, -2, 1, -1, 1, 2]], 

-0.2: 
[[-4, -4, -4, -2, -1, 4, -2, 2, 4, 1, 2, 4], [-4, -4, -4, -2, -1, 4, -1, 1, 4, 1, 2, 4], [-4, -4, 1, -2, -1, 1, -2, 2, 4, -1, 2, 4], [-4, -4, 1, -2, -1, 4, -2, 2, 4, -1, 1, 2], [-4, -2, -1, -4, -2, 2, -4, 1, 2, 4, 4, 4], [-4, -2, -1, -4, -2, 4, -2, 1, 4, 2, 2, 2], [-4, -2, -1, -4, -1, 1, -4, 1, 2, 4, 4, 4], [-4, -2, -1, -2, -1, 1, -2, 1, 4, 2, 2, 2], [-4, -2, 1, -4, -2, 2, -1, 1, 2, -1, 4, 4], [-4, -2, 1, -4, -2, 4, -1, 1, 4, -1, 2, 2], [-4, -2, 2, -4, 1, 2, -2, -1, 1, -1, 4, 4], [-4, -2, 2, -4, 2, 4, -2, -1, 1, -1, 1, 4], [-4, -2, 4, -4, -1, 1, -2, -1, 4, 1, 2, 2], [-4, -1, 1, -4, 2, 4, -2, -2, 1, -1, 2, 4], [-4, -1, 1, -4, 2, 4, -2, -1, 1, -2, 2, 4], [-4, -1, 2, -4, 2, 4, -2, -2, -2, 1, 2, 4], [-4, 1, 2, -4, 2, 4, -2, -2, -1, -1, 1, 4], [-4, 1, 2, -2, -2, -2, -1, 1, 2, -1, 2, 4]], 

-0.16667: 
[[-4, -2, -1, -4, -1, 1, -1, 1, 4, 1, 2, 4], [-4, -2, -1, -2, -1, 1, -1, 1, 2, 1, 2, 4], [-4, -2, -1, -2, 1, 2, -1, 1, 2, -1, 1, 4], [-4, -2, 1, -4, -1, 4, -1, 1, 2, -1, 1, 4], [-4, -1, 1, -4, -1, 4, -2, -1, 1, 1, 2, 4], [-4, -1, 1, -4, -1, 4, -2, 1, 4, -1, 1, 2], [-4, -1, 1, -4, 1, 2, -2, -1, 4, -1, 1, 4], [-4, -1, 1, -2, -1, 1, -2, -1, 2, 1, 2, 4], [-4, -1, 1, -2, -1, 4, -2, 1, 2, -1, 1, 2], [-4, -1, 2, -4, 1, 4, -2, -1, 1, -1, 1, 4], [-4, -1, 2, -2, -1, 1, -2, 1, 2, -1, 1, 4], [-4, 1, 2, -2, -1, 1, -2, -1, 4, -1, 1, 2]], 

-0.13333: 
[[-4, -4, -2, -4, -2, -1, 1, 4, 4, 2, 2, 4], [-4, -4, -2, -4, -2, 1, -1, 2, 4, 2, 4, 4], [-4, -4, -2, -4, -2, 2, -2, 2, 4, 2, 4, 4], [-4, -4, -2, -4, -2, 2, -1, 1, 4, 2, 4, 4], [-4, -4, -2, -4, -2, 2, -1, 2, 4, 1, 4, 4], [-4, -4, -2, -4, -2, 4, -2, 2, 2, 2, 4, 4], [-4, -4, -2, -4, -2, 4, -1, 1, 2, 2, 4, 4], [-4, -4, -2, -4, -2, 4, -1, 4, 4, 1, 2, 2], [-4, -4, -2, -4, -1, 1, -2, 2, 4, 2, 4, 4], [-4, -4, -2, -4, -1, 1, -1, 1, 4, 2, 4, 4], [-4, -4, -2, -4, -1, 1, -1, 2, 4, 1, 4, 4], [-4, -4, -2, -4, -1, 4, -2, 2, 2, 1, 4, 4], [-4, -4, -2, -4, -1, 4, -2, 4, 4, 1, 2, 2], [-4, -4, -2, -4, -1, 4, -1, 1, 2, 1, 4, 4], [-4, -4, -2, -4, 2, 2, -2, 1, 4, -1, 4, 4], [-4, -4, -2, -4, 2, 2, -2, 4, 4, -1, 1, 4], [-4, -4, -2, -4, 2, 4, -2, -2, 4, 2, 2, 4], [-4, -4, -2, -4, 2, 4, -2, 2, 2, -2, 4, 4], [-4, -4, -2, -4, 4, 4, -2, -2, 2, 2, 2, 4], [-4, -4, -2, -4, 4, 4, -2, -1, 1, 2, 2, 4], [-4, -4, -2, -4, 4, 4, -2, 1, 4, -1, 2, 2], [-4, -4, -2, -4, 4, 4, -2, 2, 4, -1, 1, 2], [-4, -4, -2, -2, -2, -1, 1, 2, 4, 2, 2, 4], [-4, -4, -2, -2, -2, 1, -1, 2, 2, 2, 4, 4], [-4, -4, -2, -2, -2, 2, -1, 1, 2, 2, 4, 4], [-4, -4, -2, -2, -2, 2, -1, 4, 4, 1, 2, 2], [-4, -4, -2, -2, -2, 4, -1, 2, 2, 1, 2, 4], [-4, -4, -2, -2, -1, 1, -2, 2, 2, 2, 4, 4], [-4, -4, -2, -2, 1, 2, -2, 2, 2, -1, 4, 4], [-4, -4, -2, -2, -1, 4, -1, 1, 4, 1, 2, 2], [-4, -4, -2, -2, 1, 2, -2, 4, 4, -1, 2, 2], [-4, -4, -2, -2, 1, 2, -1, 1, 2, -1, 4, 4], [-4, -4, -2, -2, 2, 2, -2, 4, 4, -1, 1, 2], [-4, -4, -2, -2, 2, 4, -1, 1, 2, -1, 1, 4], [-4, -4, -1, -4, -2, -2, 1, 4, 4, 2, 2, 4], [-4, -4, -1, -4, -2, 1, -2, 2, 4, 2, 4, 4], [-4, -4, -1, -4, -2, 1, -1, 1, 4, 2, 4, 4], [-4, -4, -1, -4, -2, 1, -1, 2, 4, 1, 4, 4], [-4, -4, -1, -4, -2, 4, -2, 2, 2, 1, 4, 4], [-4, -4, -1, -4, -2, 4, -2, 4, 4, 1, 2, 2], [-4, -4, -1, -4, -2, 4, -1, 1, 2, 1, 4, 4], [-4, -4, -1, -4, 1, 2, -2, 1, 4, -1, 4, 4], [-4, -4, -1, -4, 1, 2, -2, 4, 4, -1, 1, 4], [-4, -4, -1, -4, 1, 4, -2, -2, 4, 2, 2, 4], [-4, -4, -1, -4, 1, 4, -2, 2, 2, -2, 4, 4], [-4, -4, -1, -4, 2, 2, -2, -2, 4, 1, 4, 4], [-4, -4, -1, -4, 2, 2, -2, 1, 4, -2, 4, 4], [-4, -4, -1, -4, 2, 4, -2, -2, 1, 2, 4, 4], [-4, -4, -1, -4, 4, 4, -2, -2, 2, 1, 2, 4], [-4, -4, -1, -4, 4, 4, -2, -1, 1, 1, 2, 4], [-4, -4, -1, -4, 4, 4, -2, 1, 4, -2, 2, 2], [-4, -4, -1, -4, 4, 4, -2, 1, 4, -1, 1, 2], [-4, -4, -1, -2, -2, 1, -2, 2, 4, 2, 2, 4], [-4, -4, -1, -2, -2, 2, -2, 1, 4, 2, 2, 4], [-4, -4, -1, -2, -2, 2, -2, 4, 4, 1, 2, 2], [-4, -4, -1, -2, -2, 4, -2, 1, 2, 2, 2, 4], [-4, -4, -1, -2, -2, 4, -2, 2, 4, 1, 2, 2], [-4, -4, -1, -2, -1, 1, -2, 1, 4, 2, 2, 4], [-4, -4, -1, -2, -1, 4, -2, 1, 4, 1, 2, 2], [-4, -4, -1, -2, 1, 2, -2, 4, 4, -1, 1, 2], [-4, -4, -1, -2, 1, 4, -2, 2, 2, -2, 2, 4], [-4, -4, 1, -4, -2, -2, -1, 2, 4, 2, 4, 4], [-4, -4, 1, -4, -2, -1, -2, 4, 4, 2, 2, 4], [-4, -4, 1, -4, -2, -1, -1, 4, 4, 1, 2, 4], [-4, -4, 1, -4, -1, 2, -2, -2, 4, 2, 4, 4], [-4, -4, 1, -4, -1, 2, -2, -1, 4, 1, 4, 4], [-4, -4, 1, -4, -1, 2, -2, 2, 4, -2, 4, 4], [-4, -4, 1, -4, -1, 4, -2, -2, 2, 2, 4, 4], [-4, -4, 1, -4, -1, 4, -2, -1, 1, 2, 4, 4], [-4, -4, 1, -4, -1, 4, -2, 4, 4, -1, 1, 2], [-4, -4, 1, -4, 2, 4, -2, -2, 2, -1, 4, 4], [-4, -4, 1, -4, 2, 4, -2, -1, 1, -1, 4, 4], [-4, -4, 1, -4, 4, 4, -2, -2, -1, 2, 2, 4], [-4, -4, 1, -4, 4, 4, -2, -2, 4, -1, 2, 2], [-4, -4, 1, -2, -2, -1, -2, 2, 2, 2, 4, 4], [-4, -4, 1, -2, -2, 2, -2, -1, 2, 2, 4, 4], [-4, -4, 1, -2, -2, 2, -2, 2, 4, -1, 2, 4], [-4, -4, 1, -2, -2, 4, -2, 2, 2, -1, 2, 4], [-4, -4, 1, -2, -2, 4, -1, 1, 2, -1, 2, 4], [-4, -4, 1, -2, -1, 1, -2, -1, 2, 2, 4, 4], [-4, -4, 1, -2, -1, 2, -2, 2, 2, -2, 4, 4], [-4, -4, 1, -2, -1, 4, -2, 1, 4, -1, 2, 2], [-4, -4, 2, -4, -2, -2, -2, 2, 4, 2, 4, 4], [-4, -4, 2, -4, -2, -2, -1, 1, 4, 2, 4, 4], [-4, -4, 2, -4, -2, -2, -1, 2, 4, 1, 4, 4], [-4, -4, 2, -4, -2, 2, -2, 1, 4, -1, 4, 4], [-4, -4, 2, -4, -2, 2, -2, 4, 4, -1, 1, 4], [-4, -4, 2, -4, -2, 4, -2, -2, 4, 2, 2, 4], [-4, -4, 2, -4, -2, 4, -2, 2, 2, -2, 4, 4], [-4, -4, 2, -4, -1, 1, -2, 1, 4, -1, 4, 4], [-4, -4, 2, -4, -1, 1, -2, 4, 4, -1, 1, 4], [-4, -4, 2, -4, -1, 2, -2, -2, 4, 1, 4, 4], [-4, -4, 2, -4, -1, 2, -2, 1, 4, -2, 4, 4], [-4, -4, 2, -4, -1, 4, -2, -2, 1, 2, 4, 4], [-4, -4, 2, -4, 1, 4, -2, -2, 2, -1, 4, 4], [-4, -4, 2, -4, 1, 4, -2, -1, 1, -1, 4, 4], [-4, -4, 2, -4, 2, 4, -2, -2, -1, 1, 4, 4], [-4, -4, 2, -4, 4, 4, -2, -2, 1, -1, 2, 4], [-4, -4, 2, -4, 4, 4, -2, -2, 2, -2, 2, 4], [-4, -4, 2, -4, 4, 4, -2, -2, 2, -1, 1, 4], [-4, -4, 2, -4, 4, 4, -2, -2, 4, -2, 2, 2], [-4, -4, 2, -4, 4, 4, -2, -2, 4, -1, 1, 2], [-4, -4, 2, -4, 4, 4, -2, -1, 1, -2, 2, 4], [-4, -4, 2, -4, 4, 4, -2, -1, 1, -1, 1, 4], [-4, -4, 2, -2, -2, -1, -2, 1, 2, 2, 4, 4], [-4, -4, 2, -2, -2, -1, -2, 4, 4, 1, 2, 2], [-4, -4, 2, -2, -2, -1, -1, 1, 4, 1, 2, 4], [-4, -4, 2, -2, -2, 1, -2, -1, 4, 2, 2, 4], [-4, -4, 2, -2, -2, 1, -2, 2, 2, -1, 4, 4], [-4, -4, 2, -2, -2, 2, -2, -1, 1, 2, 4, 4], [-4, -4, 2, -2, -2, 2, -2, 1, 2, -1, 4, 4], [-4, -4, 2, -2, -2, 2, -2, 2, 4, -1, 1, 4], [-4, -4, 2, -2, -2, 4, -2, -1, 4, 1, 2, 2], [-4, -4, 2, -2, -2, 4, -2, 2, 2, -1, 1, 4], [-4, -4, 2, -2, -1, 1, -2, 1, 2, -1, 4, 4], [-4, -4, 2, -2, -1, 1, -2, 2, 2, -2, 4, 4], [-4, -4, 2, -2, -1, 1, -2, 2, 4, -1, 1, 4], [-4, -4, 4, -4, -2, -2, -2, 2, 2, 2, 4, 4], [-4, -4, 4, -4, -2, -2, -1, 1, 2, 2, 4, 4], [-4, -4, 4, -4, -2, -2, -1, 4, 4, 1, 2, 2], [-4, -4, 4, -4, -2, -1, -2, 2, 2, 1, 4, 4], [-4, -4, 4, -4, -2, -1, -2, 4, 4, 1, 2, 2], [-4, -4, 4, -4, -2, -1, -1, 1, 2, 1, 4, 4], [-4, -4, 4, -4, -2, 2, -2, -2, 4, 2, 2, 4], [-4, -4, 4, -4, -2, 2, -2, 2, 2, -2, 4, 4], [-4, -4, 4, -4, -2, 4, -2, -2, 2, 2, 2, 4], [-4, -4, 4, -4, -1, 1, -2, -2, 4, 2, 2, 4], [-4, -4, 4, -4, -2, 4, -2, -1, 1, 2, 2, 4], [-4, -4, 4, -4, -2, 4, -2, 1, 4, -1, 2, 2], [-4, -4, 4, -4, -2, 4, -2, 2, 4, -1, 1, 2], [-4, -4, 4, -4, -1, 1, -2, 2, 2, -2, 4, 4], [-4, -4, 4, -4, -1, 2, -2, -2, 1, 2, 4, 4], [-4, -4, 4, -4, -1, 4, -2, -2, 2, 1, 2, 4], [-4, -4, 4, -4, -1, 4, -2, -1, 1, 1, 2, 4], [-4, -4, 4, -4, -1, 4, -2, 1, 4, -2, 2, 2], [-4, -4, 4, -4, -1, 4, -2, 1, 4, -1, 1, 2], [-4, -4, 4, -4, 1, 2, -2, -2, 2, -1, 4, 4], [-4, -4, 4, -4, 1, 2, -2, -1, 1, -1, 4, 4], [-4, -4, 4, -4, 1, 4, -2, -2, -1, 2, 2, 4], [-4, -4, 4, -4, 1, 4, -2, -2, 4, -1, 2, 2], [-4, -4, 4, -4, 2, 2, -2, -2, -1, 1, 4, 4], [-4, -4, 4, -4, 2, 4, -2, -2, 1, -1, 2, 4], [-4, -4, 4, -4, 2, 4, -2, -2, 2, -2, 2, 4], [-4, -4, 4, -4, 2, 4, -2, -2, 2, -1, 1, 4], [-4, -4, 4, -4, 2, 4, -2, -2, 4, -2, 2, 2], [-4, -4, 4, -4, 2, 4, -2, -2, 4, -1, 1, 2], [-4, -4, 4, -4, 2, 4, -2, -1, 1, -2, 2, 4], [-4, -4, 4, -4, 2, 4, -2, -1, 1, -1, 1, 4], [-4, -4, 4, -2, -2, -1, -2, 2, 2, 1, 2, 4], [-4, -4, 4, -2, -2, 1, -2, -1, 2, 2, 2, 4], [-4, -4, 4, -2, -2, 1, -2, 2, 4, -1, 2, 2], [-4, -4, 4, -2, -2, 2, -2, -1, 2, 1, 2, 4], [-4, -4, 4, -2, -2, 2, -2, 1, 4, -1, 2, 2], [-4, -4, 4, -2, -2, 2, -2, 2, 4, -1, 1, 2], [-4, -4, 4, -2, -2, 4, -2, 1, 2, -1, 2, 2], [-4, -4, 4, -2, -2, 4, -2, 2, 2, -1, 1, 2], [-4, -4, 4, -2, -1, 1, -2, -1, 2, 1, 2, 4], [-4, -4, 4, -2, -1, 4, -2, 1, 2, -2, 2, 2], [-4, -4, 4, -2, -1, 4, -2, 1, 2, -1, 1, 2], [-4, -2, -2, -4, -2, -1, 1, 2, 2, 2, 4, 4], [-4, -2, -2, -4, -2, 1, -1, 2, 4, 2, 2, 4], [-4, -2, -2, -4, -2, 2, -4, 4, 4, 2, 2, 4], [-4, -2, -2, -4, -2, 2, -1, 1, 4, 2, 2, 4], [-4, -2, -2, -4, -2, 2, -1, 2, 2, 1, 4, 4], [-4, -2, -2, -4, -2, 4, -4, 2, 4, 2, 2, 4], [-4, -2, -2, -4, -2, 4, -1, 1, 2, 2, 2, 4], [-4, -2, -2, -4, -2, 4, -1, 2, 4, 1, 2, 2], [-4, -2, -2, -4, -1, 1, -4, 4, 4, 2, 2, 4], [-4, -2, -2, -4, -1, 1, -2, 2, 4, 2, 2, 4], [-4, -2, -2, -4, -1, 2, -2, 2, 2, 1, 4, 4], [-4, -2, -2, -4, -1, 2, -2, 4, 4, 1, 2, 2], [-4, -2, -2, -4, -1, 2, -1, 1, 2, 1, 4, 4], [-4, -2, -2, -4, 1, 4, -4, 2, 2, -1, 4, 4], [-4, -2, -2, -4, 1, 4, -4, 4, 4, -1, 2, 2], [-4, -2, -2, -4, 1, 4, -1, 1, 4, -1, 2, 2], [-4, -2, -2, -4, 2, 2, -4, 2, 4, -2, 4, 4], [-4, -2, -2, -4, 2, 2, -2, -1, 1, 2, 4, 4], [-4, -2, -2, -4, 2, 2, -2, 1, 2, -1, 4, 4], [-4, -2, -2, -4, 2, 2, -2, 2, 4, -1, 1, 4], [-4, -2, -2, -4, 2, 4, -4, 4, 4, -2, 2, 2], [-4, -2, -2, -4, 2, 4, -4, 4, 4, -1, 1, 2], [-4, -2, -2, -4, 4, 4, -2, 1, 2, -1, 2, 2], [-4, -2, -2, -4, 4, 4, -2, 2, 2, -1, 1, 2], [-4, -2, -2, -2, -1, 1, -1, 1, 2, 2, 2, 4], [-4, -2, -2, -2, -1, 1, -1, 2, 4, 1, 2, 2], [-4, -2, -2, -2, -1, 2, -1, 1, 4, 1, 2, 2], [-4, -2, -2, -2, 2, 2, -1, 1, 2, -1, 1, 4], [-4, -2, -1, -4, 1, 4, -4, 4, 4, -2, 2, 2], [-4, -2, -1, -4, 1, 4, -4, 4, 4, -1, 1, 2], [-4, -2, -1, -4, 2, 2, -2, -2, 2, 1, 4, 4], [-4, -2, -1, -4, 2, 2, -2, -1, 1, 1, 4, 4], [-4, -2, -1, -4, 2, 4, -2, -2, 1, 2, 2, 4], [-4, -2, -1, -4, 4, 4, -2, -2, 2, 1, 2, 2], [-4, -2, -1, -4, 4, 4, -2, 1, 2, -2, 2, 2], [-4, -2, -1, -4, 4, 4, -2, 1, 2, -1, 1, 2], [-4, -2, -1, -2, -2, 1, -1, 2, 2, 1, 2, 4], [-4, -2, -1, -2, 1, 2, -2, 2, 2, -1, 1, 4], [-4, -2, 1, -4, -2, 2, -2, 2, 2, -1, 4, 4], [-4, -2, 1, -4, -2, 4, -4, 4, 4, -1, 2, 2], [-4, -2, 1, -4, -1, 1, -2, 4, 4, -1, 2, 2], [-4, -2, 1, -4, -1, 4, -2, 2, 2, -1, 1, 4], [-4, -2, 1, -4, 2, 2, -2, -2, -1, 2, 4, 4], [-4, -2, 1, -2, -2, -1, -1, 1, 2, 2, 2, 4], [-4, -2, 1, -2, -2, -1, -1, 2, 4, 1, 2, 2], [-4, -2, 1, -2, -2, 2, -1, 1, 4, -1, 2, 2], [-4, -2, 2, -4, -2, 4, -4, 2, 2, -2, 4, 4], [-4, -2, 2, -4, -2, 4, -4, 4, 4, -2, 2, 2], [-4, -2, 2, -4, -2, 4, -4, 4, 4, -1, 1, 2], [-4, -2, 2, -4, -1, 1, -2, -2, 2, 2, 4, 4], [-4, -2, 2, -4, -1, 1, -2, -1, 1, 2, 4, 4], [-4, -2, 2, -4, -1, 1, -2, 4, 4, -1, 1, 2], [-4, -2, 2, -4, 1, 2, -2, -2, 2, -1, 4, 4], [-4, -2, 2, -4, 2, 2, -4, 4, 4, -2, -2, 4], [-4, -2, 2, -4, 2, 2, -2, -2, -1, 1, 4, 4], [-4, -2, 2, -4, 2, 4, -2, -2, 2, -1, 1, 4], [-4, -2, 2, -4, 4, 4, -2, -2, -1, 1, 2, 2], [-4, -2, 2, -2, -2, 1, -1, 1, 4, -1, 2, 2], [-4, -2, 4, -4, -1, 1, -2, 2, 2, -2, 2, 4], [-4, -2, 4, -4, 1, 2, -2, -2, 4, -1, 2, 2], [-4, -2, 4, -4, 2, 2, -4, 4, 4, -2, -2, 2], [-4, -2, 4, -4, 2, 2, -4, 4, 4, -2, -1, 1], [-4, -2, 4, -4, 2, 2, -2, -2, 4, -1, 1, 2], [-4, -1, 1, -4, -1, 2, -2, -2, 1, 2, 4, 4], [-4, -1, 1, -4, -1, 4, -2, -2, 2, 1, 2, 4], [-4, -1, 1, -4, -1, 4, -2, 1, 4, -2, 2, 2], [-4, -1, 1, -4, 1, 4, -2, -2, -1, 2, 2, 4], [-4, -1, 1, -4, 1, 4, -2, -2, 4, -1, 2, 2], [-4, -1, 1, -4, 2, 2, -4, 4, 4, -2, -2, 4], [-4, -1, 1, -4, 2, 4, -2, -2, 2, -2, 2, 4], [-4, -1, 1, -4, 2, 4, -2, -2, 4, -2, 2, 2], [-4, -1, 1, -4, 2, 4, -2, -2, 4, -1, 1, 2], [-4, -1, 1, -2, -2, -1, -2, 2, 2, 1, 2, 4], [-4, -1, 1, -2, -2, 1, -2, -1, 2, 2, 2, 4], [-4, -1, 1, -2, -2, 1, -2, 2, 4, -1, 2, 2], [-4, -1, 1, -2, -2, 2, -2, -1, 2, 1, 2, 4], [-4, -1, 1, -2, -2, 2, -2, 1, 4, -1, 2, 2], [-4, -1, 1, -2, -2, 2, -2, 2, 4, -1, 1, 2], [-4, -1, 1, -2, -2, 4, -2, 1, 2, -1, 2, 2], [-4, -1, 1, -2, -2, 4, -2, 2, 2, -1, 1, 2], [-4, -1, 1, -2, -1, 4, -2, 1, 2, -2, 2, 2], [-4, -1, 2, -4, -1, 2, -2, 1, 4, -2, 1, 4], [-4, -1, 2, -4, 1, 2, -2, -2, -1, 1, 4, 4], [-4, -1, 2, -4, 1, 2, -2, -2, 1, -1, 4, 4], [-4, -1, 2, -4, 1, 4, -2, -2, 2, -1, 1, 4], [-4, -1, 2, -4, 2, 2, -2, -2, 1, -2, 4, 4], [-4, -1, 2, -4, 2, 2, -2, -2, 4, -2, 1, 4], [-4, -1, 2, -4, 2, 4, -4, 4, 4, -2, -2, 1], [-4, -1, 2, -4, 4, 4, -2, -2, 1, -2, 2, 2], [-4, -1, 2, -4, 4, 4, -2, -2, 2, -2, 1, 2], [-4, -1, 2, -4, 4, 4, -2, -1, 1, -2, 1, 2], [-4, -1, 2, -2, -2, 1, -2, -1, 4, 1, 2, 2], [-4, -1, 2, -2, -2, 1, -2, 2, 2, -1, 1, 4], [-4, -1, 2, -2, -2, 2, -2, 1, 2, -1, 1, 4], [-4, -1, 4, -4, 1, 2, -4, 4, 4, -2, -2, 2], [-4, -1, 4, -4, 1, 2, -4, 4, 4, -2, -1, 1], [-4, -1, 4, -4, 2, 2, -2, -2, 1, -1, 1, 4], [-4, 1, 2, -4, 1, 2, -2, -1, 4, -2, -1, 4], [-4, 1, 2, -2, -2, -1, -2, 1, 4, -1, 2, 2], [-4, 1, 2, -2, -2, 4, -2, -1, 1, -1, 2, 2], [-4, 1, 4, -4, 2, 2, -4, 4, 4, -2, -2, -1], [-4, 2, 2, -4, 2, 4, -2, -2, -1, -2, 1, 4], [-4, 2, 2, -4, 2, 4, -2, -2, 4, -2, -1, 1], [-4, 2, 2, -4, 4, 4, -2, -2, 1, -2, -1, 2], [-4, 2, 2, -2, -2, -1, -2, 1, 4, -1, 1, 2], [-4, 2, 2, -2, -2, 1, -2, -1, 2, -1, 1, 4], [-4, 2, 2, -2, -2, 4, -2, -1, 1, -1, 1, 2]], 

-0.1: 
[[-4, -2, -1, -4, -2, 2, -1, 1, 4, 1, 2, 4], [-4, -2, -1, -4, -2, 4, -1, 1, 2, 1, 2, 4], [-4, -2, -1, -4, -1, 1, -2, 2, 4, 1, 2, 4], [-4, -2, 1, -4, 2, 4, -2, -1, 1, -1, 2, 4], [-4, -2, 2, -4, 1, 2, -2, -1, 4, -1, 1, 4], [-4, -2, 4, -4, -1, 2, -2, 1, 4, -1, 1, 2], [-4, -1, 1, -4, 1, 2, -2, -1, 4, -2, 2, 4], [-4, 1, 2, -4, 2, 4, -2, -1, 1, -2, -1, 4]], 

-0.06667: 
[[-4, -4, -2, -4, 1, 4, -2, 2, 4, -1, 2, 4], [-4, -4, -2, -4, 1, 4, -1, 1, 4, -1, 2, 4], [-4, -4, -2, -4, 2, 4, -2, -1, 4, 1, 2, 4], [-4, -4, -2, -2, -1, 2, -2, 2, 4, 1, 2, 4], [-4, -4, -2, -2, -1, 2, -1, 1, 4, 1, 2, 4], [-4, -4, -2, -2, 1, 4, -1, 1, 2, -1, 2, 4], [-4, -4, -1, -4, 1, 4, -2, -1, 4, 1, 2, 4], [-4, -4, -1, -2, 1, 2, -2, 1, 4, -1, 2, 4], [-4, -4, 1, -4, 2, 4, -2, -1, 4, -1, 1, 4], [-4, -4, 1, -4, -2, 4, -2, 2, 4, -1, 2, 4], [-4, -4, 1, -4, -2, 4, -1, 1, 4, -1, 2, 4], [-4, -4, 1, -4, -1, 4, -2, 1, 4, -1, 2, 4], [-4, -4, 1, -4, 2, 4, -2, -1, 4, -2, 2, 4], [-4, -4, 1, -2, -1, 2, -2, -1, 4, 1, 2, 4], [-4, -4, 2, -4, -2, 4, -2, -1, 4, 1, 2, 4], [-4, -4, 2, -4, 1, 4, -2, -1, 4, -2, 2, 4], [-4, -4, 2, -4, 1, 4, -2, -1, 4, -1, 1, 4], [-4, -4, 2, -2, -1, 1, -2, -1, 4, 1, 2, 4], [-4, -4, 2, -2, -1, 2, -2, 1, 4, -2, 2, 4], [-4, -4, 2, -2, -1, 2, -2, 1, 4, -1, 1, 4], [-4, -4, 4, -4, -2, 1, -2, 2, 4, -1, 2, 4], [-4, -4, 4, -4, -2, 1, -1, 1, 4, -1, 2, 4], [-4, -4, 4, -4, -2, 2, -2, -1, 4, 1, 2, 4], [-4, -4, 4, -4, -1, 1, -2, -1, 4, 1, 2, 4], [-4, -4, 4, -4, 1, 2, -2, -1, 4, -2, 2, 4], [-4, -4, 4, -4, 1, 2, -2, -1, 4, -1, 1, 4], [-4, -2, -2, -4, -1, 4, -4, 2, 4, 1, 2, 4], [-4, -2, -2, -4, -1, 4, -1, 1, 2, 1, 2, 4], [-4, -2, -2, -4, 1, 2, -2, 2, 4, -1, 2, 4], [-4, -2, -2, -4, 1, 2, -1, 1, 4, -1, 2, 4], [-4, -2, -2, -4, 2, 4, -2, -1, 2, 1, 2, 4], [-4, -2, -2, -2, 1, 2, -1, 1, 2, -1, 2, 4], [-4, -2, -1, -4, -2, 1, -1, 2, 4, 1, 2, 4], [-4, -2, -1, -4, -2, 2, -4, 4, 4, 1, 2, 4], [-4, -2, -1, -4, -2, 2, -2, 1, 2, 2, 4, 4], [-4, -2, -1, -4, -2, 4, -4, 1, 4, 2, 2, 4], [-4, -2, -1, -4, -2, 4, -2, 2, 2, 1, 2, 4], [-4, -2, -1, -4, -1, 1, -4, 4, 4, 1, 2, 4], [-4, -2, -1, -4, -1, 1, -2, 1, 2, 2, 4, 4], [-4, -2, -1, -4, -1, 4, -4, 1, 2, 1, 4, 4], [-4, -2, -1, -4, 1, 2, -4, 2, 4, -2, 4, 4], [-4, -2, -1, -4, 1, 2, -2, -1, 1, 2, 4, 4], [-4, -2, -1, -4, 1, 2, -2, 1, 2, -1, 4, 4], [-4, -2, -1, -4, 1, 2, -2, 2, 4, -1, 1, 4], [-4, -2, -1, -4, 1, 4, -4, 1, 4, -1, 2, 4], [-4, -2, -1, -4, 1, 4, -2, 1, 4, -1, 2, 2], [-4, -2, -1, -4, 2, 2, -2, 1, 4, -2, 2, 4], [-4, -2, -1, -4, 2, 2, -2, 1, 4, -1, 1, 4], [-4, -2, -1, -2, -2, 2, -1, 1, 2, 1, 2, 4], [-4, -2, -1, -2, -1, 1, -2, 2, 2, 1, 2, 4], [-4, -2, -1, -2, -1, 2, -2, 1, 4, 1, 2, 2], [-4, -2, -1, -2, 1, 2, -2, 1, 2, -1, 2, 4], [-4, -2, 1, -4, -2, 2, -4, -1, 4, 2, 4, 4], [-4, -2, 1, -4, -2, 2, -4, 2, 4, -1, 4, 4], [-4, -2, 1, -4, -2, 2, -2, -1, 4, 2, 2, 4], [-4, -2, 1, -4, -2, 4, -4, -1, 2, 2, 4, 4], [-4, -2, 1, -4, -2, 4, -2, -1, 2, 2, 2, 4], [-4, -2, 1, -4, -2, 4, -2, 2, 4, -1, 2, 2], [-4, -2, 1, -4, -1, 1, -4, -1, 4, 2, 4, 4], [-4, -2, 1, -4, -1, 1, -4, 2, 4, -1, 4, 4], [-4, -2, 1, -4, -1, 1, -2, -1, 4, 2, 2, 4], [-4, -2, 1, -4, -1, 2, -4, 1, 4, -1, 4, 4], [-4, -2, 1, -4, -1, 2, -4, 4, 4, -2, 2, 4], [-4, -2, 1, -4, -1, 2, -4, 4, 4, -1, 1, 4], [-4, -2, 1, -4, -1, 2, -2, -1, 2, 1, 4, 4], [-4, -2, 1, -4, -1, 2, -2, 4, 4, -1, 1, 2], [-4, -2, 1, -4, -1, 4, -4, -1, 4, 1, 2, 4], [-4, -2, 1, -4, -1, 4, -2, -1, 1, 2, 2, 4], [-4, -2, 1, -4, -1, 4, -2, -1, 4, 1, 2, 2], [-4, -2, 1, -4, 2, 4, -2, -2, 2, -1, 2, 4], [-4, -2, 1, -4, 2, 4, -2, -1, 4, -2, 2, 2], [-4, -2, 1, -4, 2, 4, -2, -1, 4, -1, 1, 2], [-4, -2, 1, -2, -1, 1, -2, -1, 2, 2, 2, 4], [-4, -2, 1, -2, -1, 1, -2, 2, 4, -1, 2, 2], [-4, -2, 1, -2, -1, 2, -2, -1, 2, 1, 2, 4], [-4, -2, 1, -2, -1, 4, -2, 1, 2, -1, 2, 2], [-4, -2, 1, -2, -1, 4, -2, 2, 2, -1, 1, 2], [-4, -2, 2, -4, -2, 4, -4, -1, 2, 1, 4, 4], [-4, -2, 2, -4, -2, 4, -2, 1, 4, -1, 2, 2], [-4, -2, 2, -4, -2, 4, -2, 2, 4, -1, 1, 2], [-4, -2, 2, -4, -1, 1, -2, 1, 4, -1, 2, 4], [-4, -2, 2, -4, -1, 2, -4, 4, 4, -2, 1, 4], [-4, -2, 2, -4, -1, 2, -2, -2, 4, 1, 2, 4], [-4, -2, 2, -4, -1, 2, -2, 1, 2, -2, 4, 4], [-4, -2, 2, -4, -1, 4, -4, 1, 2, -2, 4, 4], [-4, -2, 2, -4, 2, 4, -2, -2, 1, -1, 2, 4], [-4, -2, 2, -4, 2, 4, -2, -1, 1, -2, 2, 4], [-4, -2, 2, -2, -2, -1, -1, 1, 2, 1, 2, 4], [-4, -2, 2, -2, -1, 1, -2, 1, 4, -1, 2, 2], [-4, -2, 2, -2, -1, 1, -2, 2, 4, -1, 1, 2], [-4, -2, 4, -4, -1, 1, -4, 1, 2, -1, 4, 4], [-4, -2, 4, -4, -1, 1, -4, 2, 4, -2, 2, 4], [-4, -2, 4, -4, -1, 1, -4, 2, 4, -1, 1, 4], [-4, -2, 4, -4, -1, 2, -2, -2, 2, 1, 2, 4], [-4, -2, 4, -4, -1, 2, -2, -1, 1, 1, 2, 4], [-4, -2, 4, -4, -1, 2, -2, 1, 4, -2, 2, 2], [-4, -2, 4, -4, -1, 4, -4, 2, 2, -2, 1, 4], [-4, -2, 4, -4, 2, 2, -2, -1, 2, -2, 1, 4], [-4, -1, 1, -4, -1, 2, -4, 4, 4, -2, 1, 4], [-4, -1, 1, -4, -1, 2, -2, -2, 4, 1, 2, 4], [-4, -1, 1, -4, -1, 2, -2, 1, 2, -2, 4, 4], [-4, -1, 1, -4, -1, 4, -4, 1, 2, -2, 4, 4], [-4, -1, 2, -4, -1, 4, -2, -2, 1, 1, 2, 4], [-4, -1, 2, -4, 1, 4, -4, 2, 4, -2, -2, 4], [-4, -1, 2, -4, 1, 4, -2, -1, 4, -2, 1, 2], [-4, -1, 2, -2, -2, -1, -2, 1, 2, 1, 2, 4], [-4, -1, 2, -2, -2, 2, -2, -1, 1, 1, 2, 4], [-4, -1, 4, -4, 1, 2, -2, -2, 4, -1, 1, 2], [-4, -1, 4, -4, 1, 2, -2, -1, 2, -2, 1, 4], [-4, -1, 4, -4, 2, 2, -2, -1, 1, -2, 1, 4], [-4, 1, 2, -4, 1, 4, -2, -2, -1, -1, 2, 4], [-4, 1, 2, -4, 2, 4, -2, -2, -1, -2, 2, 4], [-4, 1, 2, -4, 2, 4, -2, -2, 2, -2, -1, 4], [-4, 1, 2, -4, 2, 4, -2, -2, 4, -2, -1, 2], [-4, 1, 2, -2, -2, -1, -2, 2, 4, -1, 1, 2], [-4, 1, 2, -2, -2, 1, -2, -1, 2, -1, 2, 4], [-4, 1, 2, -2, -2, 2, -2, -1, 4, -1, 1, 2], [-4, 1, 2, -2, -2, 4, -2, -1, 2, -1, 1, 2], [-4, 1, 2, -2, -1, 1, -2, -1, 4, -2, 2, 2], [-4, 2, 2, -2, -1, 1, -2, -1, 4, -2, 1, 2]], 

-0.03333: 
[[-4, -2, -1, -4, -2, 2, -2, 2, 4, 1, 2, 4], [-4, -2, -1, -4, -2, 4, -4, 2, 4, 1, 2, 4], [-4, -2, -1, -4, -1, 4, -2, 1, 2, 1, 2, 4], [-4, -2, -1, -4, 1, 4, -2, -1, 2, 1, 2, 4], [-4, -2, -1, -4, 1, 4, -2, 2, 4, -1, 1, 2], [-4, -2, 1, -4, -1, 4, -4, 2, 4, -2, 2, 4], [-4, -2, 1, -4, -1, 4, -4, 2, 4, -1, 1, 4], [-4, -2, 1, -4, -1, 4, -2, 1, 2, -1, 2, 4], [-4, -2, 1, -4, 1, 4, -2, -1, 2, -1, 2, 4], [-4, -2, 1, -4, 2, 4, -2, -1, 2, -2, 2, 4], [-4, -2, 1, -4, 2, 4, -2, -1, 2, -1, 1, 4], [-4, -2, 1, -2, -1, 2, -2, 2, 4, -1, 1, 2], [-4, -2, 2, -4, -2, 4, -4, 1, 4, -1, 2, 4], [-4, -2, 2, -4, -2, 4, -2, -1, 2, 1, 2, 4], [-4, -2, 2, -4, -1, 4, -2, -1, 1, 1, 2, 4], [-4, -2, 2, -4, -1, 4, -2, 1, 4, -1, 1, 2], [-4, -2, 2, -4, 1, 2, -2, -1, 4, -2, 2, 4], [-4, -2, 2, -4, 1, 4, -4, 2, 4, -2, -1, 4], [-4, -2, 2, -4, 2, 4, -2, -1, 4, -2, 1, 2], [-4, -2, 2, -2, -1, 1, -2, -1, 2, 1, 2, 4], [-4, -2, 2, -2, -1, 4, -2, 1, 2, -1, 1, 2], [-4, -2, 4, -4, -1, 1, -4, -1, 4, 1, 2, 4], [-4, -2, 4, -4, -1, 1, -2, 1, 2, -1, 2, 4], [-4, -2, 4, -4, -1, 2, -4, 1, 4, -2, 2, 4], [-4, -2, 4, -4, -1, 2, -4, 1, 4, -1, 1, 4], [-4, -2, 4, -4, 1, 2, -4, 2, 4, -2, -1, 4], [-4, -2, 4, -4, 1, 2, -2, -1, 2, -2, 2, 4], [-4, -2, 4, -4, 1, 2, -2, -1, 2, -1, 1, 4], [-4, -1, 1, -4, 1, 4, -4, 2, 4, -2, -1, 4], [-4, -1, 1, -4, 2, 4, -2, -1, 4, -2, 1, 2], [-4, -1, 2, -4, -1, 4, -4, 1, 4, -2, 1, 4], [-4, -1, 2, -4, 1, 4, -2, -1, 1, -2, 2, 4], [-4, -1, 2, -2, -1, 1, -2, 1, 2, -2, 2, 4], [-4, -1, 2, -2, -1, 2, -2, 1, 2, -2, 1, 4], [-4, -1, 4, -4, 1, 2, -4, 1, 4, -2, -1, 4], [-4, 1, 2, -2, -1, 2, -2, -1, 4, -2, 1, 2]], 

0.03333: 
[[-4, -2, -1, -4, -1, 4, -4, 1, 4, 1, 2, 4], [-4, -2, -1, -4, 1, 4, -4, 2, 4, -2, 2, 4], [-4, -2, -1, -4, 1, 4, -4, 2, 4, -1, 1, 4], [-4, -2, -1, -4, 2, 4, -2, 1, 2, -2, 2, 4], [-4, -2, -1, -4, 2, 4, -2, 1, 2, -1, 1, 4], [-4, -2, -1, -2, -1, 2, -2, 1, 2, 1, 2, 4], [-4, -2, -1, -2, 1, 2, -2, 2, 4, -1, 1, 2], [-4, -2, 1, -4, -2, 2, -2, 2, 4, -1, 2, 4], [-4, -2, 1, -4, -2, 4, -4, 2, 4, -1, 2, 4], [-4, -2, 1, -4, -1, 4, -4, 1, 4, -1, 2, 4], [-4, -2, 1, -4, -1, 4, -2, 2, 4, -1, 1, 2], [-4, -2, 1, -2, -1, 2, -2, 1, 2, -1, 2, 4], [-4, -2, 2, -4, -2, 4, -4, -1, 4, 1, 2, 4], [-4, -2, 2, -4, -2, 4, -2, 1, 2, -1, 2, 4], [-4, -2, 2, -4, -1, 2, -2, 1, 4, -2, 2, 4], [-4, -2, 2, -4, -1, 4, -4, 2, 4, -2, 1, 4], [-4, -2, 2, -4, 1, 4, -2, -1, 1, -1, 2, 4], [-4, -2, 2, -4, 1, 4, -2, -1, 4, -1, 1, 2], [-4, -2, 2, -4, 2, 4, -2, -1, 2, -2, 1, 4], [-4, -2, 2, -2, -1, 1, -2, 1, 2, -1, 2, 4], [-4, -2, 2, -2, -1, 2, -2, 1, 4, -1, 1, 2], [-4, -2, 4, -4, -1, 1, -4, 1, 4, -1, 2, 4], [-4, -2, 4, -4, -1, 1, -2, -1, 2, 1, 2, 4], [-4, -2, 4, -4, -1, 2, -4, 2, 4, -2, 1, 4], [-4, -2, 4, -4, -1, 2, -2, 1, 2, -2, 2, 4], [-4, -2, 4, -4, -1, 2, -2, 1, 2, -1, 1, 4], [-4, -2, 4, -4, -1, 4, -4, 1, 2, -2, 2, 4], [-4, -2, 4, -4, -1, 4, -4, 1, 2, -1, 1, 4], [-4, -1, 1, -4, -1, 4, -4, 2, 4, -2, 1, 4], [-4, -1, 1, -4, 2, 4, -2, -1, 2, -2, 1, 4], [-4, -1, 2, -4, -1, 4, -2, 1, 2, -2, 1, 4], [-4, -1, 2, -4, 1, 4, -2, -1, 2, -2, 1, 4], [-4, -1, 4, -4, 1, 2, -2, -1, 1, -2, 2, 4], [-4, -1, 4, -4, 1, 2, -2, -1, 4, -2, 1, 2], [-4, 1, 2, -4, 1, 4, -2, -1, 2, -2, -1, 4], [-4, 1, 2, -2, -1, 1, -2, -1, 2, -2, 2, 4]], 

0.06667: 
[[-4, -4, -2, -4, -1, 4, -2, 2, 4, 1, 2, 4], [-4, -4, -2, -4, -1, 4, -1, 1, 4, 1, 2, 4], [-4, -4, -2, -4, 2, 4, -2, 1, 4, -1, 2, 4], [-4, -4, -2, -2, -1, 4, -1, 1, 2, 1, 2, 4], [-4, -4, -2, -2, 1, 2, -2, 2, 4, -1, 2, 4], [-4, -4, -2, -2, 1, 2, -1, 1, 4, -1, 2, 4], [-4, -4, -1, -4, -2, 4, -2, 2, 4, 1, 2, 4], [-4, -4, -1, -4, -2, 4, -1, 1, 4, 1, 2, 4], [-4, -4, -1, -4, 1, 4, -2, 1, 4, -1, 2, 4], [-4, -4, -1, -4, 2, 4, -2, 1, 4, -2, 2, 4], [-4, -4, -1, -4, 2, 4, -2, 1, 4, -1, 1, 4], [-4, -4, -1, -2, -1, 4, -2, 1, 2, 1, 2, 4], [-4, -4, 1, -4, -1, 4, -2, -1, 4, 1, 2, 4], [-4, -4, 1, -2, -1, 2, -2, 1, 4, -1, 2, 4], [-4, -4, 2, -4, -2, 4, -2, 1, 4, -1, 2, 4], [-4, -4, 2, -4, -1, 4, -2, 1, 4, -2, 2, 4], [-4, -4, 2, -4, -1, 4, -2, 1, 4, -1, 1, 4], [-4, -4, 2, -2, -1, 1, -2, 1, 4, -1, 2, 4], [-4, -4, 2, -2, -1, 4, -2, 1, 2, -2, 2, 4], [-4, -4, 2, -2, -1, 4, -2, 1, 2, -1, 1, 4], [-4, -4, 4, -4, -2, -1, -2, 2, 4, 1, 2, 4], [-4, -4, 4, -4, -2, -1, -1, 1, 4, 1, 2, 4], [-4, -4, 4, -4, -2, 2, -2, 1, 4, -1, 2, 4], [-4, -4, 4, -4, -1, 1, -2, 1, 4, -1, 2, 4], [-4, -4, 4, -4, -1, 2, -2, 1, 4, -2, 2, 4], [-4, -4, 4, -4, -1, 2, -2, 1, 4, -1, 1, 4], [-4, -2, -2, -4, -1, 2, -2, 2, 4, 1, 2, 4], [-4, -2, -2, -4, -1, 2, -1, 1, 4, 1, 2, 4], [-4, -2, -2, -4, 1, 4, -4, 2, 4, -1, 2, 4], [-4, -2, -2, -4, 1, 4, -1, 1, 2, -1, 2, 4], [-4, -2, -2, -4, 2, 4, -2, 1, 2, -1, 2, 4], [-4, -2, -2, -2, -1, 2, -1, 1, 2, 1, 2, 4], [-4, -2, -1, -4, -2, 2, -4, 1, 4, 2, 4, 4], [-4, -2, -1, -4, -2, 2, -4, 2, 4, 1, 4, 4], [-4, -2, -1, -4, -2, 2, -2, 1, 4, 2, 2, 4], [-4, -2, -1, -4, -2, 4, -4, 1, 2, 2, 4, 4], [-4, -2, -1, -4, -2, 4, -2, 1, 2, 2, 2, 4], [-4, -2, -1, -4, -2, 4, -2, 2, 4, 1, 2, 2], [-4, -2, -1, -4, -1, 1, -4, 1, 4, 2, 4, 4], [-4, -2, -1, -4, -1, 1, -4, 2, 4, 1, 4, 4], [-4, -2, -1, -4, -1, 1, -2, 1, 4, 2, 2, 4], [-4, -2, -1, -4, -1, 4, -2, 1, 4, 1, 2, 2], [-4, -2, -1, -4, 1, 2, -4, 1, 4, -1, 4, 4], [-4, -2, -1, -4, 1, 2, -4, 4, 4, -2, 2, 4], [-4, -2, -1, -4, 1, 2, -4, 4, 4, -1, 1, 4], [-4, -2, -1, -4, 1, 2, -2, -1, 2, 1, 4, 4], [-4, -2, -1, -4, 1, 2, -2, 4, 4, -1, 1, 2], [-4, -2, -1, -4, 1, 4, -2, -1, 1, 2, 2, 4], [-4, -2, -1, -4, 1, 4, -2, 1, 2, -1, 2, 4], [-4, -2, -1, -4, 2, 4, -2, -2, 2, 1, 2, 4], [-4, -2, -1, -4, 2, 4, -2, 1, 4, -2, 2, 2], [-4, -2, -1, -4, 2, 4, -2, 1, 4, -1, 1, 2], [-4, -2, -1, -2, -1, 1, -2, 1, 2, 2, 2, 4], [-4, -2, -1, -2, -1, 1, -2, 2, 4, 1, 2, 2], [-4, -2, -1, -2, 1, 2, -2, 1, 4, -1, 2, 2], [-4, -2, -1, -2, 1, 4, -2, 2, 2, -1, 1, 2], [-4, -2, 1, -4, -2, 2, -4, 4, 4, -1, 2, 4], [-4, -2, 1, -4, -2, 2, -2, -1, 2, 2, 4, 4], [-4, -2, 1, -4, -2, 4, -4, -1, 4, 2, 2, 4], [-4, -2, 1, -4, -2, 4, -2, 2, 2, -1, 2, 4], [-4, -2, 1, -4, -1, 1, -4, 4, 4, -1, 2, 4], [-4, -2, 1, -4, -1, 1, -2, -1, 2, 2, 4, 4], [-4, -2, 1, -4, -1, 2, -4, -1, 4, 1, 4, 4], [-4, -2, 1, -4, -1, 2, -2, 1, 2, -1, 4, 4], [-4, -2, 1, -4, -1, 2, -4, 2, 4, -2, 4, 4], [-4, -2, 1, -4, -1, 2, -2, -1, 1, 2, 4, 4], [-4, -2, 1, -4, -1, 2, -2, 2, 4, -1, 1, 4], [-4, -2, 1, -4, -1, 4, -2, -1, 2, 1, 2, 4], [-4, -2, 1, -4, 1, 4, -2, -1, 4, -1, 2, 2], [-4, -2, 1, -4, 2, 2, -2, -1, 4, -2, 2, 4], [-4, -2, 1, -4, 2, 2, -2, -1, 4, -1, 1, 4], [-4, -2, 1, -2, -2, 2, -1, 1, 2, -1, 2, 4], [-4, -2, 1, -2, -1, 1, -2, 2, 2, -1, 2, 4], [-4, -2, 1, -2, -1, 2, -2, -1, 4, 1, 2, 2], [-4, -2, 2, -4, -2, 4, -4, 1, 2, -1, 4, 4], [-4, -2, 2, -4, -2, 4, -4, 2, 4, -2, 2, 4], [-4, -2, 2, -4, -2, 4, -4, 2, 4, -1, 1, 4], [-4, -2, 2, -4, -2, 4, -2, -1, 4, 1, 2, 2], [-4, -2, 2, -4, -1, 1, -2, -1, 4, 1, 2, 4], [-4, -2, 2, -4, -1, 2, -4, 1, 4, -2, 4, 4], [-4, -2, 2, -4, 1, 2, -4, 4, 4, -2, -1, 4], [-4, -2, 2, -4, 1, 2, -2, -2, 4, -1, 2, 4], [-4, -2, 2, -4, 1, 2, -2, -1, 2, -2, 4, 4], [-4, -2, 2, -4, 2, 4, -2, -2, -1, 1, 2, 4], [-4, -2, 2, -2, -2, 1, -1, 1, 2, -1, 2, 4], [-4, -2, 2, -2, -1, 1, -2, -1, 4, 1, 2, 2], [-4, -2, 4, -4, -1, 1, -4, -1, 2, 1, 4, 4], [-4, -2, 4, -4, 1, 2, -2, -2, 2, -1, 2, 4], [-4, -2, 4, -4, 1, 2, -2, -1, 1, -1, 2, 4], [-4, -2, 4, -4, 1, 2, -2, -1, 4, -2, 2, 2], [-4, -2, 4, -4, 1, 4, -4, 2, 2, -2, -1, 4], [-4, -2, 4, -4, 2, 2, -2, -1, 4, -2, 1, 2], [-4, -1, 1, -4, -1, 2, -4, 1, 4, -2, 4, 4], [-4, -1, 1, -4, 1, 2, -4, 4, 4, -2, -1, 4], [-4, -1, 1, -4, 1, 2, -2, -2, 4, -1, 2, 4], [-4, -1, 1, -4, 1, 2, -2, -1, 2, -2, 4, 4], [-4, -1, 2, -4, 1, 2, -2, -1, 4, -2, 1, 4], [-4, -1, 2, -4, 1, 4, -4, 1, 4, -2, -1, 4], [-4, -1, 2, -4, 1, 4, -2, -2, -1, 1, 2, 4], [-4, -1, 2, -4, 1, 4, -2, -2, 4, -1, 1, 2], [-4, -1, 2, -4, 2, 4, -2, -2, 1, -2, 2, 4], [-4, -1, 2, -4, 2, 4, -2, -2, 2, -2, 1, 4], [-4, -1, 2, -4, 2, 4, -2, -2, 4, -2, 1, 2], [-4, -1, 2, -2, -2, 1, -2, -1, 2, 1, 2, 4], [-4, -1, 2, -2, -2, 1, -2, 2, 4, -1, 1, 2], [-4, -1, 2, -2, -2, 2, -2, 1, 4, -1, 1, 2], [-4, -1, 2, -2, -2, 4, -2, 1, 2, -1, 1, 2], [-4, -1, 2, -2, -1, 1, -2, 1, 4, -2, 2, 2], [-4, -1, 2, -2, -1, 4, -2, 1, 2, -2, 1, 2], [-4, -1, 4, -4, -1, 4, -4, 1, 2, -2, 1, 4], [-4, -1, 4, -4, 1, 2, -4, 2, 4, -2, -2, 4], [-4, -1, 4, -4, 1, 2, -2, -2, 1, -1, 2, 4], [-4, 1, 2, -2, -2, -1, -2, 1, 2, -1, 2, 4], [-4, 1, 2, -2, -2, 2, -2, -1, 1, -1, 2, 4], [-4, 1, 2, -2, -1, 2, -2, -1, 2, -2, 1, 4], [-4, 1, 4, -4, 2, 2, -2, -1, 1, -2, -1, 4], [-4, 2, 2, -2, -1, 1, -2, -1, 2, -2, 1, 4]], 

0.1: 
[[-4, -2, -1, -4, 2, 4, -2, -1, 1, 1, 2, 4], [-4, -2, 1, -4, -2, 2, -1, 1, 4, -1, 2, 4], [-4, -2, 1, -4, -2, 4, -1, 1, 2, -1, 2, 4], [-4, -2, 1, -4, -1, 1, -2, 2, 4, -1, 2, 4], [-4, -2, 2, -4, -1, 2, -2, 1, 4, -1, 1, 4], [-4, -2, 4, -4, 1, 2, -2, -1, 4, -1, 1, 2], [-4, -1, 1, -4, -1, 2, -2, 1, 4, -2, 2, 4], [-4, -1, 2, -4, 2, 4, -2, -1, 1, -2, 1, 4]], 

0.13333: 
[[-4, -4, -2, -4, -2, -1, 1, 2, 4, 2, 4, 4], [-4, -4, -2, -4, -2, 1, -1, 4, 4, 2, 2, 4], [-4, -4, -2, -4, -2, 2, -2, 4, 4, 2, 2, 4], [-4, -4, -2, -4, -2, 2, -1, 4, 4, 1, 2, 4], [-4, -4, -2, -4, -2, 4, -2, 2, 4, 2, 2, 4], [-4, -4, -2, -4, -2, 4, -1, 1, 4, 2, 2, 4], [-4, -4, -2, -4, -2, 4, -1, 2, 2, 1, 4, 4], [-4, -4, -2, -4, -1, 1, -2, 4, 4, 2, 2, 4], [-4, -4, -2, -4, -1, 1, -1, 4, 4, 1, 2, 4], [-4, -4, -2, -4, 1, 4, -2, 2, 2, -1, 4, 4], [-4, -4, -2, -4, 1, 4, -2, 4, 4, -1, 2, 2], [-4, -4, -2, -4, 1, 4, -1, 1, 2, -1, 4, 4], [-4, -4, -2, -4, 2, 2, -2, -2, 4, 2, 4, 4], [-4, -4, -2, -4, 2, 2, -2, -1, 4, 1, 4, 4], [-4, -4, -2, -4, 2, 2, -2, 2, 4, -2, 4, 4], [-4, -4, -2, -4, 2, 4, -2, -2, 2, 2, 4, 4], [-4, -4, -2, -4, 2, 4, -2, -1, 1, 2, 4, 4], [-4, -4, -2, -4, 2, 4, -2, 4, 4, -1, 1, 2], [-4, -4, -2, -4, 4, 4, -2, -1, 4, 1, 2, 2], [-4, -4, -2, -4, 4, 4, -2, 2, 2, -1, 1, 4], [-4, -4, -2, -4, 4, 4, -2, 2, 2, -2, 2, 4], [-4, -4, -2, -4, 4, 4, -1, 1, 2, -1, 1, 4], [-4, -4, -2, -2, -2, -1, 1, 2, 2, 2, 4, 4], [-4, -4, -2, -2, -2, 1, -1, 2, 4, 2, 2, 4], [-4, -4, -2, -2, -2, 2, -1, 1, 4, 2, 2, 4], [-4, -4, -2, -2, -2, 2, -1, 2, 2, 1, 4, 4], [-4, -4, -2, -2, -2, 4, -1, 1, 2, 2, 2, 4], [-4, -4, -2, -2, -2, 4, -1, 2, 4, 1, 2, 2], [-4, -4, -2, -2, -1, 1, -2, 2, 4, 2, 2, 4], [-4, -4, -2, -2, -1, 2, -2, 2, 2, 1, 4, 4], [-4, -4, -2, -2, -1, 2, -2, 4, 4, 1, 2, 2], [-4, -4, -2, -2, -1, 2, -1, 1, 2, 1, 4, 4], [-4, -4, -2, -2, 1, 4, -1, 1, 4, -1, 2, 2], [-4, -4, -2, -2, 2, 2, -2, 2, 4, -1, 1, 4], [-4, -4, -1, -4, -2, -2, 1, 2, 4, 2, 4, 4], [-4, -4, -1, -4, -2, 1, -2, 4, 4, 2, 2, 4], [-4, -4, -1, -4, -2, 1, -1, 4, 4, 1, 2, 4], [-4, -4, -1, -4, 1, 2, -2, -2, 4, 2, 4, 4], [-4, -4, -1, -4, 1, 2, -2, -1, 4, 1, 4, 4], [-4, -4, -1, -4, 1, 2, -2, 2, 4, -2, 4, 4], [-4, -4, -1, -4, 1, 4, -2, -2, 2, 2, 4, 4], [-4, -4, -1, -4, 1, 4, -2, -1, 1, 2, 4, 4], [-4, -4, -1, -4, 1, 4, -2, 4, 4, -1, 1, 2], [-4, -4, -1, -4, 2, 4, -2, -2, 2, 1, 4, 4], [-4, -4, -1, -4, 2, 4, -2, -1, 1, 1, 4, 4], [-4, -4, -1, -4, 4, 4, -2, -2, 1, 2, 2, 4], [-4, -4, -1, -4, 4, 4, -2, -2, 4, 1, 2, 2], [-4, -4, -1, -2, -2, 1, -2, 2, 2, 2, 4, 4], [-4, -4, -1, -2, -2, 1, -1, 2, 4, 1, 2, 4], [-4, -4, -1, -2, -2, 2, -2, 1, 2, 2, 4, 4], [-4, -4, -1, -2, -2, 2, -2, 2, 4, 1, 2, 4], [-4, -4, -1, -2, -2, 4, -2, 2, 2, 1, 2, 4], [-4, -4, -1, -2, -2, 4, -1, 1, 2, 1, 2, 4], [-4, -4, -1, -2, -1, 1, -2, 1, 2, 2, 4, 4], [-4, -4, -1, -2, 1, 2, -2, 2, 2, -2, 4, 4], [-4, -4, 1, -4, -2, -2, -1, 4, 4, 2, 2, 4], [-4, -4, 1, -4, -2, -1, -2, 2, 4, 2, 4, 4], [-4, -4, 1, -4, -2, -1, -1, 1, 4, 2, 4, 4], [-4, -4, 1, -4, -2, -1, -1, 2, 4, 1, 4, 4], [-4, -4, 1, -4, -2, 4, -2, 2, 2, -1, 4, 4], [-4, -4, 1, -4, -2, 4, -2, 4, 4, -1, 2, 2], [-4, -4, 1, -4, -2, 4, -1, 1, 2, -1, 4, 4], [-4, -4, 1, -4, -1, 2, -2, 1, 4, -1, 4, 4], [-4, -4, 1, -4, -1, 2, -2, 4, 4, -1, 1, 4], [-4, -4, 1, -4, -1, 4, -2, -2, 4, 2, 2, 4], [-4, -4, 1, -4, -1, 4, -2, 2, 2, -2, 4, 4], [-4, -4, 1, -4, 2, 2, -2, -2, 4, -1, 4, 4], [-4, -4, 1, -4, 2, 2, -2, -1, 4, -2, 4, 4], [-4, -4, 1, -4, 2, 4, -2, -2, -1, 2, 4, 4], [-4, -4, 1, -4, 4, 4, -2, -2, 2, -1, 2, 4], [-4, -4, 1, -4, 4, 4, -2, -1, 1, -1, 2, 4], [-4, -4, 1, -4, 4, 4, -2, -1, 4, -2, 2, 2], [-4, -4, 1, -4, 4, 4, -2, -1, 4, -1, 1, 2], [-4, -4, 1, -2, -2, -1, -2, 2, 4, 2, 2, 4], [-4, -4, 1, -2, -2, -1, -1, 2, 4, 1, 2, 4], [-4, -4, 1, -2, -2, 2, -2, -1, 4, 2, 2, 4], [-4, -4, 1, -2, -2, 2, -2, 4, 4, -1, 2, 2], [-4, -4, 1, -2, -2, 4, -2, -1, 2, 2, 2, 4], [-4, -4, 1, -2, -2, 4, -2, 2, 4, -1, 2, 2], [-4, -4, 1, -2, -1, 1, -2, -1, 4, 2, 2, 4], [-4, -4, 1, -2, -1, 2, -2, 4, 4, -1, 1, 2], [-4, -4, 1, -2, -1, 4, -2, 2, 2, -2, 2, 4], [-4, -4, 2, -4, -2, -2, -2, 4, 4, 2, 2, 4], [-4, -4, 2, -4, -2, -2, -1, 4, 4, 1, 2, 4], [-4, -4, 2, -4, -2, 2, -2, -2, 4, 2, 4, 4], [-4, -4, 2, -4, -2, 2, -2, -1, 4, 1, 4, 4], [-4, -4, 2, -4, -2, 2, -2, 2, 4, -2, 4, 4], [-4, -4, 2, -4, -2, 4, -2, -2, 2, 2, 4, 4], [-4, -4, 2, -4, -2, 4, -2, -1, 1, 2, 4, 4], [-4, -4, 2, -4, -2, 4, -2, 4, 4, -1, 1, 2], [-4, -4, 2, -4, -1, 1, -2, -2, 4, 2, 4, 4], [-4, -4, 2, -4, -1, 1, -2, -1, 4, 1, 4, 4], [-4, -4, 2, -4, -1, 1, -2, 2, 4, -2, 4, 4], [-4, -4, 2, -4, -1, 4, -2, -2, 2, 1, 4, 4], [-4, -4, 2, -4, -1, 4, -2, -1, 1, 1, 4, 4], [-4, -4, 2, -4, 1, 2, -2, -2, 4, -1, 4, 4], [-4, -4, 2, -4, 1, 2, -2, -1, 4, -2, 4, 4], [-4, -4, 2, -4, 1, 4, -2, -2, -1, 2, 4, 4], [-4, -4, 2, -4, 2, 4, -2, -2, 1, -1, 4, 4], [-4, -4, 2, -4, 2, 4, -2, -2, 2, -2, 4, 4], [-4, -4, 2, -4, 2, 4, -2, -2, 4, -2, 2, 4], [-4, -4, 2, -4, 2, 4, -2, -2, 4, -1, 1, 4], [-4, -4, 2, -4, 2, 4, -2, -1, 1, -2, 4, 4], [-4, -4, 2, -4, 4, 4, -2, -2, -1, 1, 2, 4], [-4, -4, 2, -2, -2, -1, -2, 1, 4, 2, 2, 4], [-4, -4, 2, -2, -2, -1, -2, 2, 2, 1, 4, 4], [-4, -4, 2, -2, -2, 1, -2, -1, 2, 2, 4, 4], [-4, -4, 2, -2, -2, 1, -2, 4, 4, -1, 2, 2], [-4, -4, 2, -2, -2, 1, -1, 1, 4, -1, 2, 4], [-4, -4, 2, -2, -2, 2, -2, -1, 2, 1, 4, 4], [-4, -4, 2, -2, -2, 2, -2, 4, 4, -1, 1, 2], [-4, -4, 2, -2, -2, 4, -2, -1, 1, 2, 2, 4], [-4, -4, 2, -2, -2, 4, -2, 1, 4, -1, 2, 2], [-4, -4, 2, -2, -2, 4, -2, 2, 4, -1, 1, 2], [-4, -4, 2, -2, -1, 1, -2, -1, 2, 1, 4, 4], [-4, -4, 4, -4, -2, -2, -2, 2, 4, 2, 2, 4], [-4, -4, 4, -4, -2, -2, -1, 1, 4, 2, 2, 4], [-4, -4, 4, -4, -2, -2, -1, 2, 2, 1, 4, 4], [-4, -4, 4, -4, -2, 1, -2, 2, 2, -1, 4, 4], [-4, -4, 4, -4, -2, 1, -2, 4, 4, -1, 2, 2], [-4, -4, 4, -4, -2, 1, -1, 1, 2, -1, 4, 4], [-4, -4, 4, -4, -2, 2, -2, -2, 2, 2, 4, 4], [-4, -4, 4, -4, -2, 2, -2, -1, 1, 2, 4, 4], [-4, -4, 4, -4, -2, 2, -2, 4, 4, -1, 1, 2], [-4, -4, 4, -4, -2, 4, -2, -1, 4, 1, 2, 2], [-4, -4, 4, -4, -2, 4, -2, 2, 2, -2, 2, 4], [-4, -4, 4, -4, -2, 4, -2, 2, 2, -1, 1, 4], [-4, -4, 4, -4, -2, 4, -1, 1, 2, -1, 1, 4], [-4, -4, 4, -4, -1, 1, -2, -2, 2, 2, 4, 4], [-4, -4, 4, -4, -1, 1, -2, -1, 1, 2, 4, 4], [-4, -4, 4, -4, -1, 1, -2, 4, 4, -1, 1, 2], [-4, -4, 4, -4, -1, 2, -2, -2, 2, 1, 4, 4], [-4, -4, 4, -4, -1, 2, -2, -1, 1, 1, 4, 4], [-4, -4, 4, -4, -1, 4, -2, -2, 1, 2, 2, 4], [-4, -4, 4, -4, -1, 4, -2, -2, 4, 1, 2, 2], [-4, -4, 4, -4, 1, 2, -2, -2, -1, 2, 4, 4], [-4, -4, 4, -4, 1, 4, -2, -2, 2, -1, 2, 4], [-4, -4, 4, -4, 1, 4, -2, -1, 1, -1, 2, 4], [-4, -4, 4, -4, 1, 4, -2, -1, 4, -2, 2, 2], [-4, -4, 4, -4, 1, 4, -2, -1, 4, -1, 1, 2], [-4, -4, 4, -4, 2, 2, -2, -2, 1, -1, 4, 4], [-4, -4, 4, -4, 2, 2, -2, -2, 2, -2, 4, 4], [-4, -4, 4, -4, 2, 2, -2, -2, 4, -2, 2, 4], [-4, -4, 4, -4, 2, 2, -2, -2, 4, -1, 1, 4], [-4, -4, 4, -4, 2, 2, -2, -1, 1, -2, 4, 4], [-4, -4, 4, -4, 2, 4, -2, -2, -1, 1, 2, 4], [-4, -4, 4, -2, -2, -1, -2, 1, 2, 2, 2, 4], [-4, -4, 4, -2, -2, -1, -2, 2, 4, 1, 2, 2], [-4, -4, 4, -2, -2, 1, -2, 2, 2, -1, 2, 4], [-4, -4, 4, -2, -2, 2, -2, -1, 1, 2, 2, 4], [-4, -4, 4, -2, -2, 2, -2, -1, 4, 1, 2, 2], [-4, -4, 4, -2, -2, 2, -2, 1, 2, -1, 2, 4], [-4, -4, 4, -2, -2, 4, -2, -1, 2, 1, 2, 2], [-4, -4, 4, -2, -1, 1, -2, 1, 2, -1, 2, 4], [-4, -4, 4, -2, -1, 1, -2, 2, 2, -2, 2, 4], [-4, -4, 4, -2, -1, 2, -2, 1, 4, -2, 2, 2], [-4, -4, 4, -2, -1, 2, -2, 1, 4, -1, 1, 2], [-4, -2, -2, -4, -2, -1, 1, 2, 4, 2, 2, 4], [-4, -2, -2, -4, -2, 1, -1, 2, 2, 2, 4, 4], [-4, -2, -2, -4, -2, 2, -4, 2, 4, 2, 4, 4], [-4, -2, -2, -4, -2, 2, -1, 1, 2, 2, 4, 4], [-4, -2, -2, -4, -2, 2, -1, 4, 4, 1, 2, 2], [-4, -2, -2, -4, -2, 4, -4, 2, 2, 2, 4, 4], [-4, -2, -2, -4, -2, 4, -1, 2, 2, 1, 2, 4], [-4, -2, -2, -4, -1, 1, -4, 2, 4, 2, 4, 4], [-4, -2, -2, -4, -1, 1, -2, 2, 2, 2, 4, 4], [-4, -2, -2, -4, 2, 4, -2, -1, 1, 2, 2, 4], [-4, -2, -2, -4, -1, 4, -4, 2, 2, 1, 4, 4], [-4, -2, -2, -4, -1, 4, -4, 4, 4, 1, 2, 2], [-4, -2, -2, -4, -1, 4, -1, 1, 4, 1, 2, 2], [-4, -2, -2, -4, 1, 2, -2, 2, 2, -1, 4, 4], [-4, -2, -2, -4, 1, 2, -2, 4, 4, -1, 2, 2], [-4, -2, -2, -4, 1, 2, -1, 1, 2, -1, 4, 4], [-4, -2, -2, -4, 2, 2, -4, 4, 4, -2, 2, 4], [-4, -2, -2, -4, 2, 2, -4, 4, 4, -1, 1, 4], [-4, -2, -2, -4, 2, 2, -2, -1, 2, 1, 4, 4], [-4, -2, -2, -4, 2, 2, -2, 4, 4, -1, 1, 2], [-4, -2, -2, -4, 2, 4, -2, 2, 2, -1, 1, 4], [-4, -2, -2, -4, 2, 4, -1, 1, 2, -1, 1, 4], [-4, -2, -2, -4, 4, 4, -2, -1, 2, 1, 2, 2], [-4, -2, -2, -2, -1, 1, -1, 2, 2, 1, 2, 4], [-4, -2, -2, -2, 1, 2, -1, 1, 4, -1, 2, 2], [-4, -2, -1, -4, -2, -1, 1, 2, 4, 1, 2, 4], [-4, -2, -1, -4, -2, 1, -1, 2, 2, 1, 4, 4], [-4, -2, -1, -4, -2, 1, -1, 4, 4, 1, 2, 2], [-4, -2, -1, -4, -2, 2, -2, 2, 2, 1, 4, 4], [-4, -2, -1, -4, -2, 4, -4, 4, 4, 1, 2, 2], [-4, -2, -1, -4, -1, 1, -2, 4, 4, 1, 2, 2], [-4, -2, -1, -4, 1, 4, -2, 2, 2, -1, 1, 4], [-4, -2, -1, -4, 2, 2, -2, -2, 1, 2, 4, 4], [-4, -2, -1, -2, -2, 1, -1, 1, 2, 2, 2, 4], [-4, -2, -1, -2, -2, 1, -1, 2, 4, 1, 2, 2], [-4, -2, -1, -2, -2, 2, -1, 1, 4, 1, 2, 2], [-4, -2, 1, -4, -2, 1, -1, 2, 4, -1, 2, 4], [-4, -2, 1, -4, -1, 4, -4, 4, 4, -2, 2, 2], [-4, -2, 1, -4, -1, 4, -4, 4, 4, -1, 1, 2], [-4, -2, 1, -4, 2, 2, -2, -2, 2, -1, 4, 4], [-4, -2, 1, -4, 2, 2, -2, -1, 1, -1, 4, 4], [-4, -2, 1, -4, 2, 4, -2, -2, -1, 2, 2, 4], [-4, -2, 1, -4, 4, 4, -2, -2, 2, -1, 2, 2], [-4, -2, 1, -4, 4, 4, -2, -1, 2, -2, 2, 2], [-4, -2, 1, -4, 4, 4, -2, -1, 2, -1, 1, 2], [-4, -2, 1, -2, -2, -1, -1, 2, 2, 1, 2, 4], [-4, -2, 1, -2, -1, 2, -2, 2, 2, -1, 1, 4], [-4, -2, 2, -4, -2, 4, -2, 2, 2, -1, 1, 4], [-4, -2, 2, -4, -1, 1, -2, -2, 4, 2, 2, 4], [-4, -2, 2, -4, -1, 1, -2, 2, 2, -2, 4, 4], [-4, -2, 2, -4, -1, 2, -2, -2, 2, 1, 4, 4], [-4, -2, 2, -4, 2, 2, -2, -2, 1, -1, 4, 4], [-4, -2, 2, -4, 2, 2, -2, -2, 4, -1, 1, 4], [-4, -2, 2, -4, 2, 2, -2, -1, 1, -2, 4, 4], [-4, -2, 2, -4, 2, 4, -4, 4, 4, -2, -2, 2], [-4, -2, 2, -4, 2, 4, -4, 4, 4, -2, -1, 1], [-4, -2, 2, -4, 4, 4, -2, -2, 1, -1, 2, 2], [-4, -2, 2, -4, 4, 4, -2, -2, 2, -1, 1, 2], [-4, -2, 2, -4, 4, 4, -2, -1, 1, -2, 2, 2], [-4, -2, 2, -2, -2, -1, -1, 1, 4, 1, 2, 2], [-4, -2, 2, -2, -2, 2, -1, 1, 2, -1, 1, 4], [-4, -2, 2, -2, -1, 1, -2, 2, 2, -1, 1, 4], [-4, -2, 4, -4, -1, 1, -4, 2, 2, -2, 4, 4], [-4, -2, 4, -4, -1, 1, -4, 4, 4, -2, 2, 2], [-4, -2, 4, -4, -1, 1, -4, 4, 4, -1, 1, 2], [-4, -2, 4, -4, -1, 1, -2, -2, 2, 2, 2, 4], [-4, -2, 4, -4, -1, 1, -2, -1, 1, 2, 2, 4], [-4, -2, 4, -4, -1, 2, -2, -2, 4, 1, 2, 2], [-4, -2, 4, -4, 2, 2, -4, 2, 4, -2, -2, 4], [-4, -2, 4, -4, 2, 2, -2, -2, 2, -1, 1, 4], [-4, -2, 4, -4, 2, 2, -2, -1, 1, -1, 1, 4], [-4, -1, 1, -4, -1, 4, -2, -2, 1, 2, 2, 4], [-4, -1, 1, -4, -1, 4, -2, -2, 4, 1, 2, 2], [-4, -1, 1, -4, 1, 2, -2, -2, -1, 2, 4, 4], [-4, -1, 1, -4, 1, 4, -2, -2, 2, -1, 2, 4], [-4, -1, 1, -4, 1, 4, -2, -1, 4, -2, 2, 2], [-4, -1, 1, -4, 2, 2, -2, -2, 2, -2, 4, 4], [-4, -1, 1, -4, 2, 2, -2, -2, 4, -2, 2, 4], [-4, -1, 1, -4, 2, 4, -4, 4, 4, -2, -2, 2], [-4, -1, 1, -4, 2, 4, -4, 4, 4, -2, -1, 1], [-4, -1, 1, -2, -2, -1, -2, 1, 2, 2, 2, 4], [-4, -1, 1, -2, -2, -1, -2, 2, 4, 1, 2, 2], [-4, -1, 1, -2, -2, 1, -2, 2, 2, -1, 2, 4], [-4, -1, 1, -2, -2, 2, -2, -1, 1, 2, 2, 4], [-4, -1, 1, -2, -2, 2, -2, -1, 4, 1, 2, 2], [-4, -1, 1, -2, -2, 2, -2, 1, 2, -1, 2, 4], [-4, -1, 1, -2, -2, 4, -2, -1, 2, 1, 2, 2], [-4, -1, 1, -2, -1, 1, -2, 2, 2, -2, 2, 4], [-4, -1, 1, -2, -1, 2, -2, 1, 4, -2, 2, 2], [-4, -1, 2, -4, 1, 4, -4, 4, 4, -2, -2, 2], [-4, -1, 2, -4, 1, 4, -4, 4, 4, -2, -1, 1], [-4, -1, 2, -2, -2, -1, -2, 1, 4, 1, 2, 2], [-4, -1, 2, -2, -2, 4, -2, -1, 1, 1, 2, 2], [-4, -1, 4, -4, 1, 2, -2, -2, 2, -1, 1, 4], [-4, -1, 4, -4, 2, 2, -4, 4, 4, -2, -2, 1], [-4, 1, 2, -4, 2, 2, -2, -2, -1, -2, 4, 4], [-4, 1, 2, -4, 2, 2, -2, -2, 4, -2, -1, 4], [-4, 1, 2, -4, 2, 4, -4, 4, 4, -2, -2, -1], [-4, 1, 2, -4, 4, 4, -2, -2, -1, -2, 2, 2], [-4, 1, 2, -4, 4, 4, -2, -2, 2, -2, -1, 2], [-4, 1, 2, -4, 4, 4, -2, -1, 1, -2, -1, 2], [-4, 1, 2, -2, -2, -1, -2, 2, 2, -1, 1, 4], [-4, 1, 2, -2, -2, 1, -2, -1, 4, -1, 2, 2], [-4, 1, 2, -2, -2, 2, -2, -1, 2, -1, 1, 4], [-4, 1, 4, -4, 2, 2, -2, -2, -1, -1, 1, 4], [-4, 2, 2, -4, 2, 4, -2, -2, 1, -2, -1, 4], [-4, 2, 2, -4, 4, 4, -2, -2, -1, -2, 1, 2], [-4, 2, 2, -4, 4, 4, -2, -2, 2, -2, -1, 1], [-4, 2, 2, -2, -2, -1, -2, 1, 2, -1, 1, 4], [-4, 2, 2, -2, -2, 1, -2, -1, 4, -1, 1, 2], [-4, 2, 2, -2, -2, 2, -2, -1, 1, -1, 1, 4]], 

0.16667: 
[[-4, -2, -1, -4, 1, 4, -1, 1, 2, -1, 1, 4], [-4, -2, 1, -4, -1, 1, -1, 1, 4, -1, 2, 4], [-4, -2, 1, -2, -1, 1, -1, 1, 2, -1, 2, 4], [-4, -2, 1, -2, -1, 2, -1, 1, 2, -1, 1, 4], [-4, -1, 1, -4, -1, 2, -2, 1, 4, -1, 1, 4], [-4, -1, 1, -4, 1, 4, -2, -1, 1, -1, 2, 4], [-4, -1, 1, -4, 1, 4, -2, -1, 4, -1, 1, 2], [-4, -1, 1, -2, -1, 1, -2, 1, 2, -1, 2, 4], [-4, -1, 1, -2, -1, 2, -2, 1, 4, -1, 1, 2], [-4, -1, 2, -2, -1, 1, -2, 1, 4, -1, 1, 2], [-4, -1, 4, -4, 1, 2, -2, -1, 1, -1, 1, 4], [-4, 1, 2, -2, -1, 1, -2, -1, 2, -1, 1, 4]], 

0.2: 
[[-4, -4, -4, -2, 1, 4, -2, 2, 4, -1, 2, 4], [-4, -4, -4, -2, 1, 4, -1, 1, 4, -1, 2, 4], [-4, -4, -1, -2, -1, 1, -2, 2, 4, 1, 2, 4], [-4, -4, -1, -2, 1, 4, -2, 2, 4, -1, 1, 2], [-4, -2, -1, -4, -2, 2, -1, 1, 2, 1, 4, 4], [-4, -2, -1, -4, -2, 4, -1, 1, 4, 1, 2, 2], [-4, -2, 1, -4, -2, 2, -4, -1, 2, 4, 4, 4], [-4, -2, 1, -4, -2, 4, -2, -1, 4, 2, 2, 2], [-4, -2, 1, -4, -1, 1, -4, -1, 2, 4, 4, 4], [-4, -2, 1, -2, -1, 1, -2, -1, 4, 2, 2, 2], [-4, -2, 2, -4, -2, 4, -1, 1, 2, -1, 1, 4], [-4, -2, 2, -4, -1, 2, -2, -1, 1, 1, 4, 4], [-4, -2, 4, -4, -1, 1, -2, 1, 4, -1, 2, 2], [-4, -2, 4, -4, -1, 1, -2, 2, 4, -1, 1, 2], [-4, -1, 1, -4, 2, 4, -2, -2, -1, 1, 2, 4], [-4, -1, 2, -4, 2, 4, -2, -2, 1, -1, 1, 4], [-4, -1, 2, -2, -2, -2, -1, 1, 2, 1, 2, 4], [-4, 1, 2, -4, 2, 4, -2, -2, -2, -1, 2, 4]], 

0.26667: 
[[-4, -4, -2, -2, -1, 1, -1, 1, 4, 2, 2, 4], [-4, -4, -2, -2, -1, 1, -1, 2, 2, 1, 4, 4], [-4, -4, -1, -2, -2, 1, -1, 1, 2, 2, 4, 4], [-4, -4, -1, -2, -2, 2, -1, 1, 4, 1, 2, 4], [-4, -4, -1, -2, 1, 4, -2, 1, 4, -1, 2, 2], [-4, -4, 1, -2, -2, -1, -1, 1, 4, 2, 2, 4], [-4, -4, 1, -2, -2, 4, -1, 1, 4, -1, 2, 2], [-4, -4, 1, -2, -1, 1, -2, 4, 4, -1, 2, 2], [-4, -4, 1, -2, -1, 4, -2, -1, 4, 1, 2, 2], [-4, -4, 1, -2, -1, 4, -2, 2, 2, -1, 1, 4], [-4, -4, 2, -2, -2, -1, -1, 1, 2, 1, 4, 4], [-4, -4, 2, -2, -1, 1, -2, 4, 4, -1, 1, 2], [-4, -4, 4, -2, -2, 1, -1, 1, 2, -1, 2, 4], [-4, -4, 4, -2, -1, 1, -2, -1, 4, 1, 2, 2], [-4, -2, -2, -4, -1, 1, -1, 1, 2, 2, 4, 4], [-4, -2, -2, -4, -1, 1, -1, 4, 4, 1, 2, 2], [-4, -2, -1, -4, -1, 1, -2, 2, 2, 1, 4, 4], [-4, -2, 1, -4, 4, 4, -2, -1, 1, -1, 2, 2], [-4, -2, 2, -4, 4, 4, -2, -1, 1, -1, 1, 2], [-4, -1, 1, -4, -1, 2, -2, -2, 2, 1, 4, 4], [-4, -1, 1, -4, 2, 2, -2, -2, 1, -1, 4, 4], [-4, -1, 1, -4, 2, 2, -2, -2, 4, -1, 1, 4], [-4, -1, 1, -4, 2, 2, -2, -1, 1, -2, 4, 4], [-4, -1, 2, -4, -1, 2, -2, -2, 1, 1, 4, 4], [-4, 1, 2, -4, 1, 2, -2, -2, -1, -1, 4, 4], [-4, 1, 2, -4, 4, 4, -2, -2, -1, -1, 1, 2]], 

0.33333: 
[[-4, -4, -1, -2, -1, 1, -1, 1, 4, 1, 2, 4], [-4, -4, 1, -2, -1, 4, -1, 1, 2, -1, 1, 4], [-4, -2, -1, -4, -1, 1, -1, 1, 2, 1, 4, 4], [-4, -2, -1, -2, -1, 1, -1, 1, 4, 1, 2, 2], [-4, -2, 2, -2, -1, 1, -1, 1, 2, -1, 1, 4], [-4, -1, 1, -4, -1, 2, -2, -1, 1, 1, 4, 4], [-4, -1, 1, -2, -2, 1, -1, 1, 2, -1, 2, 4], [-4, -1, 1, -2, -1, 1, -2, -1, 4, 1, 2, 2], [-4, 1, 2, -2, -2, -1, -1, 1, 2, -1, 1, 4]], 

0.4: 
[[-4, -4, -4, -2, -1, 4, -2, 4, 4, 1, 2, 2], [-4, -4, -4, -2, -2, -1, 1, 4, 4, 2, 2, 4], [-4, -4, -4, -2, -2, 1, -1, 2, 4, 2, 4, 4], [-4, -4, -4, -2, -2, 2, -2, 2, 4, 2, 4, 4], [-4, -4, -4, -2, -2, 2, -1, 1, 4, 2, 4, 4], [-4, -4, -4, -2, -2, 2, -1, 2, 4, 1, 4, 4], [-4, -4, -4, -2, -2, 4, -2, 2, 2, 2, 4, 4], [-4, -4, -4, -2, -2, 4, -1, 1, 2, 2, 4, 4], [-4, -4, -4, -2, -2, 4, -1, 4, 4, 1, 2, 2], [-4, -4, -4, -2, -1, 1, -2, 2, 4, 2, 4, 4], [-4, -4, -4, -2, -1, 1, -1, 1, 4, 2, 4, 4], [-4, -4, -4, -2, -1, 1, -1, 2, 4, 1, 4, 4], [-4, -4, -4, -2, -1, 4, -2, 2, 2, 1, 4, 4], [-4, -4, -4, -2, -1, 4, -1, 1, 2, 1, 4, 4], [-4, -4, -4, -2, 2, 2, -2, 4, 4, -1, 1, 4], [-4, -4, -2, -4, -2, -2, 2, 2, 4, 2, 4, 4], [-4, -4, -2, -4, -2, 1, -1, 2, 2, 4, 4, 4], [-4, -4, -2, -4, -2, 2, -2, 2, 2, 4, 4, 4], [-4, -4, -2, -4, -2, 2, -1, 1, 2, 4, 4, 4], [-4, -4, -2, -4, -1, 1, -2, 2, 2, 4, 4, 4], [-4, -4, -2, -4, -1, 1, -1, 1, 2, 4, 4, 4], [-4, -4, -2, -4, 4, 4, -2, -2, 4, 2, 2, 2], [-4, -4, -2, -2, -2, -1, 1, 4, 4, 2, 2, 2], [-4, -4, -1, -4, -2, 1, -2, 2, 2, 4, 4, 4], [-4, -4, -1, -4, -2, 1, -1, 1, 2, 4, 4, 4], [-4, -4, -1, -4, 2, 2, -2, -2, 1, 4, 4, 4], [-4, -4, -1, -2, -2, -2, 1, 2, 4, 2, 2, 4], [-4, -4, -1, -2, -2, 1, -2, 4, 4, 2, 2, 2], [-4, -4, -1, -2, -2, 4, -2, 1, 4, 2, 2, 2], [-4, -4, 1, -4, -2, -2, -1, 2, 2, 4, 4, 4], [-4, -4, 1, -4, -1, 2, -2, -2, 2, 4, 4, 4], [-4, -4, 1, -4, -1, 2, -2, -1, 1, 4, 4, 4], [-4, -4, 1, -2, -2, -2, -1, 2, 2, 2, 4, 4], [-4, -4, 1, -2, -2, 2, -2, 2, 2, -1, 4, 4], [-4, -4, 2, -4, -2, -2, -2, 2, 2, 4, 4, 4], [-4, -4, 2, -4, -2, -2, -1, 1, 2, 4, 4, 4], [-4, -4, 2, -4, -1, 2, -2, -2, 1, 4, 4, 4], [-4, -4, 2, -4, 4, 4, -2, -2, -2, 2, 2, 4], [-4, -4, 2, -2, -2, -2, -1, 1, 2, 2, 4, 4], [-4, -4, 2, -2, -2, -2, -1, 4, 4, 1, 2, 2], [-4, -4, 4, -4, -2, 4, -2, -2, 4, 2, 2, 2], [-4, -4, 4, -4, 2, 4, -2, -2, -2, 2, 2, 4], [-4, -4, 4, -4, 4, 4, -2, -2, 1, -1, 2, 2], [-4, -4, 4, -4, 4, 4, -2, -2, 2, -2, 2, 2], [-4, -4, 4, -4, 4, 4, -2, -2, 2, -1, 1, 2], [-4, -4, 4, -4, 4, 4, -2, -1, 1, -2, 2, 2], [-4, -4, 4, -4, 4, 4, -2, -1, 1, -1, 1, 2], [-4, -4, 4, -2, -2, -2, -1, 2, 2, 1, 2, 4], [-4, -4, 4, -2, -2, 1, -2, -1, 4, 2, 2, 2], [-4, -4, 4, -2, -2, 2, -2, 2, 2, -1, 1, 4], [-4, -2, -2, -4, -2, 1, -1, 4, 4, 2, 2, 2], [-4, -2, -2, -4, -2, 4, -4, 4, 4, 2, 2, 2], [-4, -2, -2, -4, -2, 4, -1, 1, 4, 2, 2, 2], [-4, -2, -2, -4, -1, 1, -2, 4, 4, 2, 2, 2], [-4, -2, -2, -2, -1, 1, -1, 1, 4, 2, 2, 2], [-4, -2, -1, -4, 4, 4, -2, -2, 1, 2, 2, 2], [-4, -2, 1, -2, -2, -1, -1, 1, 4, 2, 2, 2], [-4, -1, 1, -4, 2, 4, -2, -2, -2, 2, 2, 4], [-4, -1, 1, -4, 4, 4, -2, -2, 2, -2, 2, 2], [-4, -1, 1, -2, -2, -2, -1, 2, 2, 1, 2, 4], [-4, -1, 1, -2, -2, 1, -2, -1, 4, 2, 2, 2], [-4, -1, 1, -2, -2, 2, -2, 2, 2, -1, 1, 4], [-4, -1, 2, -4, 2, 2, -2, -2, -2, 1, 4, 4], [-4, -1, 2, -4, 4, 4, -2, -2, -2, 1, 2, 2], [-4, 1, 2, -2, -2, -2, -1, 1, 4, -1, 2, 2], [-4, 2, 2, -4, 2, 4, -2, -2, -2, -1, 1, 4]], 

0.53333: 
[[-4, -4, -1, -2, -2, -1, 1, 2, 2, 1, 4, 4], [-4, -4, 1, -2, -2, 1, -1, 2, 2, -1, 4, 4], [-4, -4, 1, -2, -2, 2, -1, 1, 2, -1, 4, 4], [-4, -4, 1, -2, -1, 1, -2, 2, 2, -1, 4, 4], [-4, -4, 4, -2, -2, -1, -1, 1, 4, 1, 2, 2], [-4, -4, 4, -2, -2, 2, -1, 1, 2, -1, 1, 4], [-4, -4, 4, -2, -1, 1, -2, 2, 2, -1, 1, 4], [-4, -1, 1, -4, 4, 4, -2, -2, 1, -1, 2, 2], [-4, -1, 1, -4, 4, 4, -2, -2, 2, -1, 1, 2], [-4, -1, 1, -4, 4, 4, -2, -1, 1, -2, 2, 2]], 

0.66667: 
[[-4, -4, 1, -2, -1, 1, -1, 1, 2, -1, 4, 4], [-4, -4, 4, -2, -1, 1, -1, 1, 2, -1, 1, 4], [-4, -1, 1, -4, 4, 4, -2, -1, 1, -1, 1, 2], [-4, -1, 1, -2, -2, -1, -1, 1, 4, 1, 2, 2], [-4, -1, 1, -2, -2, 2, -1, 1, 2, -1, 1, 4], [-4, -1, 1, -2, -1, 1, -2, 2, 2, -1, 1, 4]], 

1.0: 
[[-4, -1, 1, -2, -1, 1, -1, 1, 2, -1, 1, 4]], 

1.2: 
[[-4, -4, -4, -2, -2, -1, 1, 2, 2, 4, 4, 4], [-4, -4, -4, -2, -2, 4, -2, 4, 4, 2, 2, 2], [-4, -4, 1, -2, -2, -2, -1, 4, 4, 2, 2, 2], [-4, -4, 2, -4, 2, 2, -2, -2, -2, 4, 4, 4], [-4, -4, 4, -2, -2, -2, -1, 1, 4, 2, 2, 2], [-4, -1, 1, -2, -2, -2, -1, 1, 4, 2, 2, 2]], 

3.6: 
[[-4, -4, -4, -2, -2, -2, 2, 2, 2, 4, 4, 4]]